0 0
0 1
0 2
0 3
0 4
0 5
0 6
0 7
0 8
0 9
0 10
0 12
0 14
0 15
0 16
0 17
0 18
0 19
0 21
0 23
0 24
0 27
0 31
0 32
0 33
0 39
0 54
0 75
0 79
0 104
0 120
0 139
0 141
0 145
0 167
0 199
0 230
0 249
0 616
0 663
0 837
0 867
0 888
0 902
0 904
0 923
0 930
0 933
0 942
0 944
0 946
0 959
0 982
0 984
0 990
0 994
0 996
0 997
0 1001
0 1002
0 1003
0 1005
0 1009
0 1010
0 1013
0 1014
0 1015
0 1016
0 1017
0 1018
0 1019
0 1020
0 1021
0 1022
0 1023
1 0
1 1
1 2
1 3
1 4
1 5
1 6
1 7
1 8
1 9
1 10
1 11
1 12
1 14
1 15
1 17
1 24
1 25
1 29
1 34
1 42
1 50
1 59
1 62
1 87
1 175
1 199
1 252
1 253
1 277
1 281
1 346
1 381
1 539
1 558
1 837
1 861
1 927
1 928
1 948
1 954
1 956
1 961
1 965
1 967
1 985
1 988
1 994
1 999
1 1000
1 1002
1 1003
1 1005
1 1006
1 1010
1 1012
1 1014
1 1015
1 1016
1 1017
1 1018
1 1019
1 1020
1 1021
1 1022
1 1023
2 0
2 1
2 2
2 3
2 4
2 5
2 6
2 7
2 8
2 9
2 11
2 13
2 16
2 19
2 20
2 21
2 28
2 35
2 39
2 44
2 45
2 48
2 50
2 52
2 55
2 56
2 70
2 76
2 81
2 106
2 113
2 137
2 172
2 240
2 243
2 268
2 271
2 318
2 693
2 831
2 886
2 909
2 933
2 936
2 942
2 957
2 969
2 973
2 974
2 978
2 979
2 982
2 986
2 993
2 999
2 1002
2 1004
2 1005
2 1006
2 1008
2 1010
2 1013
2 1014
2 1015
2 1016
2 1017
2 1018
2 1019
2 1020
2 1021
2 1022
2 1023
3 0
3 1
3 2
3 3
3 4
3 5
3 6
3 7
3 8
3 9
3 10
3 12
3 21
3 22
3 23
3 27
3 31
3 38
3 40
3 50
3 54
3 58
3 70
3 81
3 111
3 117
3 141
3 168
3 181
3 206
3 259
3 260
3 304
3 402
3 481
3 670
3 789
3 814
3 835
3 869
3 871
3 874
3 917
3 936
3 945
3 950
3 971
3 973
3 978
3 982
3 983
3 985
3 991
3 992
3 993
3 994
3 1000
3 1006
3 1008
3 1010
3 1011
3 1013
3 1014
3 1015
3 1016
3 1017
3 1018
3 1019
3 1020
3 1021
3 1022
3 1023
4 0
4 1
4 2
4 3
4 4
4 5
4 6
4 7
4 8
4 9
4 11
4 13
4 14
4 20
4 24
4 35
4 40
4 42
4 44
4 49
4 55
4 56
4 62
4 68
4 70
4 95
4 175
4 215
4 220
4 298
4 656
4 748
4 805
4 864
4 889
4 901
4 904
4 924
4 928
4 934
4 946
4 967
4 968
4 981
4 984
4 987
4 991
4 993
4 994
4 1003
4 1009
4 1012
4 1015
4 1016
4 1017
4 1018
4 1019
4 1020
4 1021
4 1022
4 1023
5 0
5 1
5 2
5 3
5 4
5 5
5 6
5 7
5 8
5 10
5 14
5 15
5 17
5 19
5 20
5 22
5 26
5 27
5 32
5 36
5 37
5 39
5 53
5 57
5 60
5 62
5 81
5 84
5 90
5 98
5 104
5 109
5 155
5 175
5 753
5 851
5 889
5 913
5 938
5 942
5 954
5 957
5 958
5 962
5 965
5 969
5 973
5 977
5 981
5 991
5 993
5 994
5 998
5 999
5 1006
5 1008
5 1011
5 1014
5 1015
5 1016
5 1017
5 1018
5 1019
5 1020
5 1021
5 1022
5 1023
6 0
6 1
6 2
6 3
6 4
6 5
6 6
6 7
6 8
6 9
6 10
6 11
6 12
6 14
6 15
6 19
6 23
6 31
6 32
6 58
6 84
6 127
6 221
6 225
6 234
6 249
6 271
6 343
6 350
6 736
6 784
6 807
6 848
6 892
6 914
6 960
6 963
6 971
6 982
6 988
6 989
6 990
6 991
6 993
6 994
6 997
6 1001
6 1002
6 1013
6 1014
6 1016
6 1017
6 1018
6 1019
6 1020
6 1021
6 1022
6 1023
7 0
7 1
7 2
7 3
7 4
7 5
7 6
7 7
7 8
7 12
7 13
7 14
7 19
7 22
7 26
7 35
7 36
7 51
7 73
7 75
7 91
7 104
7 113
7 270
7 273
7 429
7 785
7 789
7 865
7 902
7 924
7 962
7 975
7 983
7 990
7 994
7 996
7 1002
7 1003
7 1006
7 1009
7 1017
7 1018
7 1019
7 1020
7 1021
7 1022
7 1023
8 0
8 1
8 2
8 3
8 4
8 5
8 6
8 7
8 10
8 14
8 16
8 18
8 19
8 26
8 31
8 34
8 35
8 41
8 49
8 80
8 89
8 109
8 125
8 138
8 153
8 193
8 223
8 275
8 291
8 297
8 690
8 696
8 819
8 849
8 850
8 908
8 919
8 921
8 928
8 931
8 932
8 937
8 938
8 943
8 962
8 977
8 978
8 980
8 988
8 995
8 996
8 997
8 1000
8 1001
8 1003
8 1004
8 1006
8 1008
8 1013
8 1014
8 1017
8 1018
8 1019
8 1020
8 1021
8 1022
8 1023
9 0
9 1
9 2
9 3
9 4
9 6
9 7
9 9
9 10
9 12
9 20
9 22
9 46
9 47
9 62
9 68
9 86
9 90
9 92
9 101
9 111
9 127
9 136
9 173
9 414
9 528
9 570
9 816
9 885
9 886
9 908
9 925
9 948
9 953
9 956
9 957
9 968
9 973
9 983
9 991
9 995
9 1001
9 1002
9 1003
9 1004
9 1005
9 1007
9 1017
9 1018
9 1019
9 1020
9 1021
9 1022
9 1023
10 0
10 1
10 3
10 6
10 7
10 8
10 10
10 12
10 13
10 14
10 19
10 21
10 25
10 40
10 43
10 46
10 54
10 55
10 79
10 86
10 107
10 154
10 186
10 194
10 520
10 715
10 780
10 784
10 871
10 873
10 926
10 929
10 955
10 961
10 963
10 966
10 975
10 980
10 985
10 988
10 1001
10 1002
10 1003
10 1006
10 1008
10 1013
10 1016
10 1019
10 1020
10 1021
10 1023
11 0
11 2
11 4
11 6
11 11
11 12
11 14
11 17
11 19
11 24
11 36
11 43
11 72
11 73
11 74
11 88
11 158
11 195
11 218
11 473
11 804
11 852
11 876
11 934
11 935
11 941
11 958
11 959
11 960
11 984
11 985
11 994
11 997
11 998
11 999
11 1001
11 1004
11 1006
11 1008
11 1010
11 1011
11 1012
11 1015
11 1016
11 1017
11 1018
11 1020
11 1022
11 1023
12 1
12 2
12 5
12 6
12 9
12 10
12 21
12 24
12 26
12 27
12 33
12 38
12 42
12 44
12 48
12 67
12 69
12 75
12 96
12 101
12 130
12 147
12 167
12 168
12 187
12 222
12 231
12 727
12 748
12 916
12 930
12 961
12 962
12 966
12 974
12 998
12 999
12 1000
12 1003
12 1007
12 1009
12 1010
12 1012
12 1014
12 1016
12 1017
12 1018
12 1019
12 1020
12 1023
13 1
13 2
13 5
13 7
13 8
13 9
13 10
13 11
13 17
13 22
13 27
13 36
13 38
13 41
13 47
13 53
13 54
13 69
13 74
13 82
13 84
13 85
13 89
13 95
13 97
13 100
13 142
13 157
13 167
13 189
13 201
13 407
13 825
13 837
13 842
13 899
13 922
13 943
13 947
13 950
13 955
13 957
13 971
13 972
13 973
13 982
13 990
13 991
13 992
13 1010
13 1013
13 1016
13 1018
13 1021
13 1022
13 1023
14 0
14 1
14 6
14 7
14 14
14 15
14 19
14 24
14 25
14 28
14 29
14 32
14 36
14 40
14 41
14 42
14 43
14 46
14 50
14 52
14 61
14 64
14 65
14 82
14 88
14 94
14 100
14 103
14 145
14 160
14 195
14 333
14 430
14 796
14 875
14 881
14 934
14 936
14 937
14 946
14 959
14 973
14 974
14 979
14 996
14 1000
14 1004
14 1010
14 1011
14 1012
14 1014
14 1017
14 1019
14 1022
14 1023
15 1
15 2
15 3
15 4
15 7
15 8
15 10
15 11
15 17
15 20
15 21
15 24
15 27
15 30
15 36
15 44
15 52
15 54
15 57
15 61
15 64
15 70
15 76
15 106
15 108
15 134
15 148
15 156
15 277
15 293
15 353
15 655
15 744
15 761
15 764
15 774
15 783
15 821
15 825
15 855
15 903
15 921
15 925
15 945
15 964
15 967
15 969
15 970
15 979
15 983
15 984
15 987
15 989
15 991
15 995
15 999
15 1004
15 1006
15 1012
15 1013
15 1014
15 1017
15 1019
15 1022
16 0
16 4
16 5
16 6
16 9
16 10
16 12
16 15
16 17
16 22
16 25
16 27
16 29
16 33
16 44
16 48
16 52
16 56
16 68
16 75
16 79
16 83
16 94
16 96
16 101
16 106
16 118
16 138
16 149
16 178
16 189
16 209
16 238
16 334
16 622
16 634
16 635
16 699
16 748
16 856
16 926
16 933
16 955
16 960
16 963
16 965
16 975
16 978
16 980
16 982
16 990
16 1002
16 1008
16 1016
16 1017
16 1018
16 1020
17 1
17 7
17 13
17 18
17 20
17 24
17 37
17 38
17 41
17 50
17 51
17 57
17 72
17 83
17 91
17 97
17 98
17 127
17 134
17 142
17 154
17 252
17 863
17 870
17 883
17 887
17 906
17 949
17 974
17 976
17 983
17 993
17 1000
17 1004
17 1011
17 1014
17 1015
17 1016
17 1017
17 1020
17 1021
17 1022
18 3
18 8
18 10
18 11
18 13
18 19
18 20
18 28
18 29
18 46
18 58
18 69
18 70
18 80
18 94
18 103
18 172
18 239
18 244
18 302
18 446
18 816
18 836
18 839
18 881
18 904
18 908
18 927
18 943
18 945
18 952
18 960
18 969
18 972
18 974
18 982
18 989
18 992
18 994
18 1001
18 1007
18 1020
18 1021
19 0
19 3
19 6
19 8
19 10
19 11
19 14
19 15
19 17
19 20
19 22
19 28
19 30
19 41
19 81
19 109
19 140
19 163
19 182
19 229
19 261
19 324
19 341
19 598
19 671
19 713
19 763
19 772
19 823
19 828
19 837
19 897
19 942
19 944
19 949
19 962
19 966
19 967
19 969
19 982
19 989
19 993
19 998
19 1000
19 1004
19 1005
19 1016
19 1017
19 1018
20 0
20 1
20 5
20 7
20 13
20 21
20 22
20 26
20 27
20 38
20 43
20 47
20 49
20 64
20 66
20 102
20 120
20 141
20 225
20 226
20 844
20 857
20 899
20 907
20 936
20 944
20 954
20 985
20 999
20 1000
20 1001
20 1004
20 1005
20 1017
20 1018
20 1023
21 2
21 6
21 9
21 19
21 27
21 33
21 40
21 41
21 43
21 57
21 60
21 67
21 77
21 78
21 83
21 106
21 111
21 115
21 132
21 153
21 196
21 215
21 216
21 301
21 345
21 372
21 689
21 760
21 791
21 811
21 880
21 934
21 956
21 958
21 975
21 979
21 986
21 987
21 988
21 989
21 992
21 993
21 998
21 1001
21 1005
21 1007
21 1013
21 1014
21 1015
21 1017
21 1021
21 1022
22 3
22 4
22 12
22 13
22 16
22 19
22 20
22 31
22 35
22 39
22 41
22 57
22 58
22 61
22 64
22 70
22 84
22 85
22 89
22 116
22 137
22 147
22 151
22 222
22 241
22 261
22 738
22 757
22 792
22 857
22 894
22 914
22 929
22 931
22 939
22 992
22 994
22 999
22 1012
22 1013
22 1014
22 1016
22 1018
22 1022
23 2
23 3
23 8
23 10
23 14
23 15
23 16
23 17
23 23
23 25
23 30
23 33
23 36
23 45
23 47
23 63
23 71
23 75
23 81
23 101
23 102
23 112
23 133
23 150
23 155
23 158
23 201
23 262
23 356
23 564
23 714
23 759
23 779
23 800
23 858
23 867
23 871
23 879
23 899
23 907
23 949
23 967
23 976
23 984
23 991
23 998
23 1002
23 1004
23 1010
23 1012
23 1015
23 1016
23 1019
23 1020
23 1023
24 5
24 9
24 15
24 18
24 23
24 29
24 30
24 31
24 32
24 33
24 34
24 36
24 39
24 45
24 53
24 56
24 63
24 64
24 82
24 88
24 91
24 106
24 109
24 111
24 145
24 157
24 210
24 216
24 246
24 390
24 402
24 620
24 832
24 846
24 854
24 875
24 918
24 926
24 929
24 932
24 948
24 964
24 972
24 976
24 984
24 989
24 991
24 995
24 996
24 1004
24 1009
24 1011
24 1014
24 1016
24 1017
24 1018
24 1019
25 1
25 3
25 4
25 6
25 8
25 9
25 11
25 12
25 15
25 24
25 25
25 26
25 29
25 31
25 32
25 35
25 54
25 61
25 62
25 63
25 64
25 85
25 88
25 92
25 168
25 368
25 546
25 772
25 799
25 840
25 916
25 957
25 971
25 973
25 976
25 977
25 990
25 994
25 1003
25 1009
25 1013
25 1016
25 1019
25 1021
25 1022
26 6
26 19
26 28
26 31
26 36
26 47
26 49
26 58
26 70
26 83
26 109
26 112
26 117
26 123
26 146
26 164
26 245
26 260
26 534
26 828
26 856
26 858
26 896
26 929
26 945
26 978
26 982
26 984
26 986
26 988
26 997
26 1000
26 1008
26 1019
26 1020
27 0
27 2
27 4
27 8
27 19
27 22
27 23
27 25
27 29
27 48
27 57
27 65
27 78
27 80
27 95
27 108
27 124
27 127
27 250
27 262
27 301
27 327
27 840
27 867
27 906
27 911
27 923
27 924
27 925
27 935
27 967
27 972
27 977
27 978
27 981
27 982
27 985
27 989
27 1000
27 1001
27 1003
27 1009
27 1010
27 1013
27 1015
27 1022
28 3
28 4
28 13
28 14
28 18
28 21
28 22
28 25
28 31
28 68
28 70
28 75
28 86
28 100
28 108
28 146
28 178
28 261
28 399
28 561
28 580
28 766
28 793
28 824
28 886
28 902
28 937
28 941
28 952
28 959
28 961
28 966
28 969
28 972
28 982
28 985
28 988
28 989
28 991
28 998
28 1000
28 1003
28 1007
28 1008
28 1009
28 1013
28 1017
28 1019
28 1023
29 1
29 2
29 3
29 6
29 13
29 14
29 31
29 34
29 37
29 46
29 47
29 48
29 57
29 68
29 71
29 89
29 93
29 140
29 149
29 159
29 161
29 185
29 195
29 451
29 455
29 539
29 711
29 844
29 856
29 890
29 914
29 916
29 922
29 931
29 934
29 957
29 961
29 964
29 972
29 973
29 974
29 975
29 976
29 984
29 989
29 996
29 998
29 1000
29 1002
29 1010
29 1013
29 1014
29 1016
29 1017
30 5
30 9
30 12
30 18
30 22
30 29
30 37
30 40
30 48
30 52
30 62
30 68
30 84
30 97
30 103
30 111
30 113
30 141
30 202
30 360
30 580
30 830
30 831
30 862
30 944
30 966
30 972
30 973
30 985
30 986
30 987
30 988
30 990
30 1000
30 1001
30 1009
30 1010
30 1015
30 1016
30 1018
30 1019
30 1023
31 4
31 10
31 11
31 14
31 18
31 20
31 34
31 37
31 45
31 51
31 60
31 66
31 69
31 70
31 124
31 125
31 184
31 238
31 243
31 341
31 616
31 764
31 829
31 842
31 921
31 927
31 936
31 984
31 987
31 990
31 992
31 1004
31 1012
31 1014
31 1016
31 1023
32 4
32 8
32 10
32 14
32 15
32 20
32 23
32 37
32 38
32 41
32 44
32 59
32 82
32 103
32 165
32 184
32 209
32 350
32 736
32 746
32 772
32 788
32 794
32 832
32 871
32 899
32 930
32 931
32 937
32 946
32 953
32 957
32 962
32 966
32 968
32 980
32 986
32 987
32 990
32 997
32 1006
32 1014
32 1020
33 3
33 13
33 18
33 21
33 23
33 28
33 39
33 40
33 45
33 46
33 66
33 75
33 76
33 110
33 123
33 138
33 145
33 159
33 165
33 195
33 208
33 226
33 389
33 542
33 881
33 942
33 951
33 956
33 961
33 962
33 983
33 984
33 997
33 999
33 1008
33 1009
33 1011
33 1012
33 1019
33 1023
34 1
34 8
34 16
34 20
34 25
34 30
34 39
34 51
34 62
34 81
34 96
34 106
34 111
34 119
34 121
34 159
34 182
34 193
34 228
34 234
34 288
34 333
34 351
34 373
34 565
34 567
34 715
34 744
34 822
34 864
34 867
34 869
34 877
34 893
34 900
34 914
34 923
34 928
34 936
34 947
34 963
34 964
34 986
34 991
34 995
34 996
34 1001
34 1004
34 1009
34 1015
34 1016
34 1023
35 0
35 1
35 4
35 5
35 10
35 13
35 15
35 22
35 23
35 24
35 31
35 34
35 35
35 36
35 45
35 47
35 60
35 64
35 137
35 159
35 165
35 384
35 403
35 792
35 803
35 831
35 881
35 887
35 914
35 958
35 960
35 968
35 972
35 982
35 1001
35 1010
35 1019
35 1022
36 10
36 15
36 20
36 21
36 22
36 34
36 35
36 36
36 37
36 41
36 44
36 61
36 76
36 92
36 117
36 130
36 167
36 180
36 186
36 192
36 249
36 261
36 310
36 454
36 568
36 739
36 850
36 857
36 868
36 874
36 912
36 954
36 965
36 973
36 974
36 979
36 984
36 999
36 1003
36 1007
36 1009
36 1010
36 1017
37 1
37 17
37 31
37 46
37 52
37 58
37 66
37 86
37 96
37 104
37 112
37 119
37 155
37 274
37 316
37 355
37 359
37 748
37 750
37 766
37 781
37 800
37 921
37 935
37 965
37 968
37 972
37 980
37 983
37 984
37 993
37 1001
38 0
38 1
38 8
38 9
38 14
38 21
38 23
38 26
38 28
38 38
38 39
38 47
38 80
38 111
38 169
38 224
38 256
38 592
38 720
38 757
38 815
38 923
38 925
38 927
38 947
38 957
38 959
38 964
38 967
38 971
38 972
38 979
38 982
38 989
38 1005
38 1006
38 1009
38 1010
38 1016
38 1017
39 4
39 24
39 29
39 31
39 35
39 40
39 49
39 50
39 59
39 61
39 119
39 188
39 220
39 223
39 244
39 262
39 587
39 701
39 839
39 856
39 867
39 868
39 884
39 901
39 905
39 978
39 979
39 984
39 989
39 1012
39 1013
39 1017
39 1022
39 1023
40 16
40 21
40 26
40 34
40 66
40 76
40 104
40 106
40 133
40 140
40 149
40 195
40 242
40 250
40 269
40 373
40 607
40 825
40 849
40 852
40 858
40 897
40 920
40 921
40 953
40 958
40 959
40 980
40 981
40 982
40 992
40 993
40 995
40 997
40 1000
40 1014
40 1021
41 29
41 45
41 47
41 52
41 66
41 68
41 96
41 119
41 129
41 216
41 236
41 243
41 311
41 452
41 658
41 747
41 765
41 799
41 817
41 858
41 894
41 902
41 925
41 931
41 952
41 953
41 994
41 1002
41 1018
42 1
42 3
42 9
42 10
42 12
42 14
42 17
42 35
42 36
42 38
42 49
42 51
42 55
42 64
42 91
42 95
42 108
42 119
42 149
42 177
42 187
42 315
42 338
42 360
42 389
42 420
42 466
42 491
42 896
42 905
42 936
42 939
42 952
42 973
42 1013
43 0
43 1
43 8
43 16
43 22
43 29
43 43
43 55
43 58
43 66
43 72
43 78
43 235
43 442
43 728
43 745
43 758
43 804
43 809
43 851
43 890
43 900
43 931
43 946
43 948
43 952
43 958
43 965
43 972
43 974
43 977
43 988
43 994
43 997
43 1001
43 1012
43 1013
43 1022
44 7
44 10
44 15
44 17
44 19
44 28
44 39
44 41
44 44
44 52
44 59
44 61
44 70
44 84
44 89
44 126
44 170
44 196
44 202
44 205
44 241
44 243
44 294
44 330
44 599
44 775
44 813
44 841
44 886
44 915
44 925
44 941
44 943
44 944
44 953
44 959
44 961
44 971
44 978
44 992
44 993
44 1016
45 5
45 19
45 20
45 41
45 55
45 58
45 82
45 92
45 99
45 105
45 122
45 151
45 152
45 233
45 710
45 753
45 872
45 894
45 899
45 915
45 918
45 929
45 962
45 964
45 972
45 1004
45 1012
45 1016
45 1020
45 1022
46 14
46 18
46 23
46 27
46 44
46 46
46 57
46 62
46 67
46 89
46 99
46 100
46 111
46 125
46 135
46 145
46 157
46 166
46 198
46 200
46 220
46 234
46 292
46 556
46 615
46 718
46 746
46 758
46 827
46 857
46 878
46 898
46 933
46 945
46 950
46 963
46 976
46 977
46 987
46 991
46 993
46 994
46 1009
46 1011
46 1014
47 3
47 5
47 7
47 15
47 20
47 36
47 43
47 45
47 68
47 77
47 95
47 98
47 111
47 114
47 128
47 139
47 150
47 173
47 190
47 193
47 205
47 206
47 227
47 289
47 425
47 442
47 642
47 700
47 746
47 801
47 806
47 887
47 921
47 930
47 962
47 964
47 975
47 980
47 990
47 1003
47 1014
47 1016
48 9
48 13
48 17
48 41
48 45
48 60
48 175
48 185
48 189
48 201
48 242
48 279
48 292
48 376
48 646
48 671
48 738
48 778
48 819
48 831
48 880
48 899
48 916
48 953
48 961
48 974
48 980
48 987
48 997
48 998
48 999
48 1005
49 4
49 20
49 23
49 24
49 38
49 43
49 45
49 47
49 60
49 65
49 79
49 92
49 93
49 111
49 116
49 126
49 159
49 203
49 269
49 296
49 313
49 698
49 846
49 852
49 876
49 882
49 883
49 906
49 907
49 915
49 922
49 925
49 935
49 944
49 945
49 956
49 959
49 967
49 971
49 977
49 987
49 988
49 993
49 994
49 995
49 1001
49 1006
49 1020
50 4
50 8
50 15
50 41
50 63
50 112
50 129
50 137
50 138
50 168
50 176
50 187
50 803
50 858
50 927
50 935
50 969
50 979
50 990
50 996
50 1000
50 1008
50 1009
50 1018
51 4
51 24
51 35
51 52
51 56
51 73
51 80
51 87
51 111
51 132
51 160
51 165
51 206
51 213
51 665
51 674
51 691
51 741
51 802
51 806
51 839
51 859
51 863
51 870
51 884
51 887
51 914
51 945
51 960
51 964
51 983
51 1015
52 0
52 1
52 14
52 65
52 76
52 89
52 100
52 110
52 121
52 126
52 136
52 140
52 174
52 189
52 240
52 696
52 706
52 803
52 808
52 821
52 882
52 902
52 915
52 920
52 921
52 937
52 965
52 967
52 971
52 997
52 1015
52 1021
53 0
53 1
53 7
53 33
53 68
53 71
53 88
53 101
53 111
53 128
53 131
53 136
53 137
53 174
53 237
53 281
53 320
53 330
53 347
53 580
53 667
53 730
53 823
53 842
53 867
53 875
53 918
53 932
53 937
53 958
53 995
53 997
53 1004
53 1016
53 1018
53 1023
54 14
54 17
54 22
54 27
54 31
54 55
54 70
54 109
54 115
54 156
54 198
54 427
54 437
54 628
54 746
54 775
54 797
54 824
54 825
54 827
54 829
54 836
54 891
54 902
54 911
54 912
54 914
54 925
54 933
54 969
54 976
54 977
54 993
54 995
54 999
54 1003
55 5
55 7
55 14
55 15
55 18
55 23
55 26
55 55
55 59
55 61
55 100
55 248
55 307
55 384
55 578
55 643
55 818
55 833
55 884
55 891
55 931
55 981
55 989
55 1009
55 1012
55 1018
55 1023
56 3
56 23
56 33
56 35
56 39
56 59
56 60
56 62
56 64
56 72
56 75
56 91
56 111
56 126
56 175
56 184
56 197
56 234
56 350
56 661
56 742
56 763
56 811
56 847
56 902
56 944
56 949
56 973
56 990
56 1013
56 1017
57 8
57 9
57 12
57 24
57 27
57 46
57 91
57 110
57 116
57 169
57 213
57 275
57 628
57 652
57 732
57 845
57 878
57 881
57 901
57 937
57 955
57 974
57 975
57 992
57 993
57 994
57 997
57 1000
57 1006
57 1011
57 1018
58 10
58 15
58 20
58 38
58 45
58 47
58 52
58 72
58 115
58 118
58 141
58 159
58 167
58 458
58 705
58 807
58 888
58 895
58 935
58 962
58 979
58 983
58 997
58 998
58 1014
58 1015
58 1017
58 1022
59 7
59 15
59 17
59 24
59 26
59 31
59 62
59 74
59 81
59 85
59 122
59 128
59 141
59 177
59 225
59 226
59 265
59 278
59 418
59 555
59 747
59 765
59 823
59 857
59 866
59 891
59 896
59 914
59 922
59 930
59 965
59 982
59 986
59 987
59 1004
59 1019
60 9
60 10
60 13
60 23
60 27
60 58
60 60
60 72
60 84
60 103
60 167
60 179
60 284
60 388
60 618
60 744
60 816
60 866
60 956
60 961
60 962
60 982
60 1006
60 1016
61 8
61 10
61 11
61 37
61 44
61 69
61 70
61 75
61 80
61 84
61 99
61 104
61 113
61 129
61 173
61 203
61 211
61 339
61 486
61 664
61 737
61 862
61 869
61 879
61 888
61 898
61 903
61 959
61 963
61 978
61 980
61 986
61 1004
61 1011
61 1021
62 23
62 54
62 58
62 61
62 78
62 81
62 83
62 89
62 103
62 115
62 131
62 182
62 247
62 269
62 455
62 654
62 726
62 780
62 812
62 876
62 886
62 912
62 939
62 942
62 943
62 965
62 975
62 993
62 1011
62 1013
63 13
63 22
63 34
63 41
63 62
63 64
63 66
63 72
63 74
63 92
63 112
63 166
63 409
63 752
63 885
63 943
63 945
63 955
63 958
63 965
63 968
63 977
63 985
63 996
63 999
63 1009
64 5
64 22
64 26
64 39
64 54
64 62
64 109
64 186
64 215
64 230
64 261
64 306
64 366
64 612
64 717
64 745
64 751
64 772
64 805
64 898
64 899
64 926
64 937
64 945
64 965
64 976
64 992
64 1022
65 3
65 10
65 19
65 36
65 46
65 49
65 50
65 55
65 58
65 67
65 74
65 107
65 128
65 159
65 173
65 184
65 211
65 219
65 306
65 676
65 773
65 808
65 851
65 874
65 881
65 883
65 897
65 912
65 979
65 985
65 990
65 996
65 1020
66 2
66 7
66 19
66 23
66 28
66 56
66 82
66 108
66 279
66 760
66 764
66 794
66 856
66 884
66 926
66 943
66 946
66 948
66 949
66 950
66 953
66 958
66 973
66 985
66 986
66 1008
66 1022
67 4
67 20
67 21
67 22
67 23
67 24
67 27
67 56
67 61
67 72
67 81
67 145
67 149
67 156
67 189
67 192
67 251
67 356
67 584
67 693
67 705
67 743
67 787
67 811
67 849
67 859
67 871
67 877
67 888
67 908
67 922
67 930
67 951
67 954
67 958
67 972
67 980
67 986
67 1010
67 1018
67 1019
68 13
68 24
68 28
68 45
68 67
68 100
68 101
68 135
68 138
68 199
68 214
68 622
68 692
68 706
68 749
68 763
68 766
68 780
68 797
68 802
68 912
68 948
68 983
68 999
68 1001
68 1019
69 3
69 11
69 26
69 45
69 54
69 58
69 74
69 93
69 104
69 144
69 145
69 146
69 163
69 172
69 182
69 404
69 738
69 796
69 856
69 877
69 880
69 905
69 915
69 940
69 942
69 972
69 982
69 983
69 987
69 990
69 997
69 1007
69 1014
69 1021
70 19
70 20
70 58
70 88
70 96
70 101
70 115
70 131
70 139
70 162
70 362
70 388
70 734
70 744
70 795
70 825
70 851
70 892
70 919
70 945
70 972
70 978
70 994
70 1003
70 1012
70 1019
70 1021
71 23
71 28
71 80
71 82
71 97
71 100
71 110
71 137
71 138
71 391
71 701
71 773
71 819
71 821
71 834
71 954
71 959
71 984
71 992
71 1007
71 1019
71 1020
71 1023
72 1
72 23
72 49
72 50
72 65
72 73
72 74
72 114
72 123
72 125
72 143
72 157
72 169
72 276
72 287
72 491
72 738
72 798
72 838
72 840
72 855
72 894
72 913
72 929
72 942
72 954
72 958
72 972
72 973
72 991
72 1008
72 1015
72 1019
73 2
73 21
73 22
73 30
73 39
73 56
73 80
73 132
73 138
73 151
73 202
73 229
73 232
73 240
73 250
73 448
73 703
73 840
73 859
73 876
73 903
73 944
73 945
73 949
73 960
73 962
73 968
73 984
73 996
73 1002
73 1005
74 0
74 19
74 23
74 30
74 40
74 51
74 60
74 74
74 77
74 85
74 142
74 165
74 175
74 209
74 790
74 792
74 805
74 848
74 854
74 885
74 928
74 931
74 934
74 948
74 962
74 981
74 997
74 1017
74 1019
74 1020
74 1021
74 1023
75 11
75 24
75 38
75 75
75 108
75 121
75 184
75 235
75 295
75 756
75 857
75 860
75 899
75 953
75 982
75 988
75 999
75 1009
76 26
76 28
76 33
76 43
76 109
76 111
76 116
76 153
76 244
76 503
76 557
76 584
76 762
76 864
76 936
76 963
76 964
76 973
76 976
77 7
77 13
77 15
77 18
77 22
77 26
77 38
77 48
77 67
77 86
77 87
77 91
77 102
77 125
77 129
77 132
77 161
77 212
77 237
77 245
77 528
77 643
77 753
77 820
77 822
77 831
77 842
77 845
77 901
77 952
77 1000
77 1009
78 1
78 7
78 12
78 29
78 31
78 50
78 60
78 81
78 96
78 102
78 117
78 118
78 124
78 139
78 144
78 156
78 302
78 305
78 357
78 800
78 808
78 819
78 859
78 879
78 894
78 902
78 907
78 929
78 931
78 940
78 963
78 964
78 966
78 1008
78 1010
78 1019
79 3
79 7
79 15
79 25
79 42
79 43
79 52
79 56
79 62
79 89
79 92
79 129
79 131
79 144
79 161
79 249
79 263
79 323
79 673
79 758
79 768
79 828
79 834
79 839
79 847
79 877
79 907
79 910
79 911
79 929
79 934
79 938
79 965
79 988
79 995
79 1008
79 1016
80 2
80 4
80 7
80 11
80 13
80 18
80 33
80 38
80 51
80 54
80 55
80 86
80 97
80 102
80 418
80 635
80 731
80 909
80 912
80 966
80 968
80 972
80 994
80 995
80 1002
80 1023
81 19
81 22
81 34
81 35
81 53
81 87
81 96
81 172
81 182
81 203
81 244
81 251
81 292
81 709
81 723
81 888
81 927
81 950
81 971
81 996
81 1020
82 8
82 20
82 23
82 25
82 35
82 43
82 62
82 86
82 113
82 194
82 210
82 439
82 713
82 719
82 789
82 833
82 883
82 887
82 895
82 911
82 915
82 943
82 955
82 965
82 979
82 983
82 1013
82 1015
83 26
83 78
83 81
83 93
83 116
83 123
83 151
83 170
83 196
83 205
83 377
83 810
83 878
83 920
83 935
83 940
83 957
83 966
83 967
83 972
83 990
83 1001
84 18
84 21
84 33
84 52
84 54
84 69
84 72
84 86
84 89
84 91
84 104
84 119
84 128
84 133
84 134
84 138
84 142
84 175
84 232
84 241
84 311
84 570
84 714
84 819
84 822
84 889
84 895
84 913
84 934
84 943
84 945
84 950
84 957
84 963
84 966
84 980
84 985
84 999
84 1020
84 1023
85 18
85 24
85 26
85 58
85 76
85 82
85 100
85 104
85 120
85 152
85 173
85 188
85 228
85 284
85 423
85 679
85 697
85 758
85 789
85 823
85 824
85 847
85 851
85 867
85 913
85 924
85 940
85 943
85 992
85 994
85 1012
85 1016
86 29
86 34
86 38
86 56
86 65
86 73
86 74
86 94
86 131
86 203
86 206
86 210
86 320
86 658
86 756
86 867
86 877
86 890
86 929
86 936
86 957
86 967
86 993
86 995
86 1002
86 1010
86 1016
86 1017
87 5
87 8
87 22
87 47
87 53
87 54
87 86
87 90
87 93
87 99
87 142
87 156
87 214
87 242
87 271
87 307
87 336
87 707
87 798
87 870
87 876
87 918
87 941
87 953
87 974
87 1022
88 8
88 10
88 14
88 20
88 25
88 27
88 51
88 57
88 65
88 70
88 89
88 115
88 122
88 135
88 183
88 241
88 282
88 567
88 701
88 811
88 823
88 825
88 834
88 846
88 859
88 869
88 952
88 958
88 975
88 981
88 990
88 1012
88 1019
88 1023
89 9
89 71
89 74
89 78
89 123
89 154
89 158
89 170
89 174
89 200
89 225
89 292
89 680
89 731
89 740
89 788
89 791
89 795
89 904
89 936
89 950
89 953
89 965
89 978
89 987
89 996
89 1003
89 1015
90 2
90 11
90 13
90 14
90 26
90 28
90 40
90 93
90 103
90 110
90 194
90 243
90 310
90 398
90 437
90 818
90 879
90 903
90 917
90 934
90 956
90 960
90 961
90 973
90 979
90 995
90 1009
90 1023
91 2
91 6
91 7
91 14
91 15
91 21
91 38
91 57
91 64
91 66
91 130
91 191
91 203
91 207
91 212
91 349
91 401
91 631
91 682
91 795
91 820
91 824
91 864
91 902
91 920
91 940
91 955
91 971
91 985
91 986
92 15
92 22
92 27
92 37
92 59
92 60
92 113
92 267
92 394
92 439
92 732
92 762
92 770
92 853
92 892
92 900
92 1007
92 1017
93 24
93 35
93 57
93 72
93 78
93 89
93 90
93 162
93 206
93 208
93 236
93 244
93 258
93 281
93 303
93 319
93 674
93 755
93 887
93 915
93 933
93 945
93 958
93 960
93 961
93 998
93 1004
93 1016
94 1
94 8
94 32
94 48
94 59
94 99
94 105
94 206
94 294
94 439
94 502
94 654
94 698
94 748
94 863
94 911
94 949
94 955
94 962
94 969
94 993
94 998
94 1004
94 1019
94 1020
95 1
95 13
95 22
95 40
95 41
95 57
95 64
95 86
95 111
95 141
95 149
95 179
95 288
95 375
95 651
95 706
95 795
95 842
95 888
95 907
95 938
95 945
95 949
95 968
95 1023
96 4
96 19
96 31
96 46
96 56
96 145
96 151
96 160
96 170
96 191
96 206
96 223
96 408
96 806
96 865
96 866
96 935
96 946
96 948
96 955
96 957
96 968
96 970
96 975
96 1013
97 41
97 42
97 61
97 70
97 107
97 111
97 175
97 217
97 239
97 256
97 307
97 310
97 429
97 466
97 696
97 846
97 848
97 875
97 905
97 908
97 944
97 949
97 970
98 3
98 15
98 26
98 31
98 50
98 66
98 70
98 78
98 249
98 275
98 338
98 407
98 613
98 738
98 792
98 805
98 817
98 831
98 848
98 882
98 916
98 925
98 957
98 972
98 985
98 1009
98 1017
99 9
99 11
99 14
99 59
99 65
99 67
99 90
99 169
99 193
99 196
99 225
99 278
99 394
99 860
99 869
99 879
99 895
99 910
99 915
99 984
100 0
100 9
100 31
100 37
100 74
100 84
100 94
100 107
100 122
100 145
100 149
100 362
100 385
100 396
100 868
100 884
100 914
100 924
100 984
100 985
100 1007
101 8
101 16
101 42
101 83
101 105
101 110
101 135
101 149
101 171
101 209
101 264
101 778
101 897
101 913
101 914
101 962
101 978
101 990
101 995
101 997
102 31
102 37
102 68
102 74
102 81
102 101
102 114
102 338
102 344
102 583
102 759
102 819
102 871
102 901
102 916
102 946
102 959
102 968
102 1001
102 1009
103 2
103 16
103 26
103 31
103 72
103 78
103 125
103 167
103 282
103 404
103 704
103 741
103 745
103 772
103 844
103 919
103 922
103 976
103 982
103 1009
103 1011
104 51
104 157
104 184
104 197
104 205
104 221
104 538
104 544
104 545
104 781
104 875
104 902
104 913
104 955
104 964
104 972
104 975
104 984
104 1018
104 1020
105 8
105 22
105 25
105 30
105 32
105 35
105 66
105 72
105 104
105 252
105 270
105 315
105 322
105 478
105 743
105 837
105 881
105 906
105 923
105 942
105 972
105 985
105 990
105 993
105 1012
105 1015
105 1023
106 3
106 12
106 33
106 43
106 44
106 65
106 82
106 131
106 153
106 197
106 264
106 318
106 344
106 352
106 819
106 837
106 910
106 974
106 993
106 1021
107 43
107 58
107 113
107 138
107 169
107 643
107 814
107 844
107 849
107 883
107 910
107 935
107 943
107 949
107 951
107 977
107 1000
107 1004
108 13
108 16
108 19
108 37
108 41
108 59
108 65
108 84
108 109
108 628
108 707
108 860
108 900
108 936
108 938
108 946
108 968
108 973
108 1013
108 1020
108 1023
109 31
109 110
109 144
109 158
109 207
109 228
109 231
109 246
109 258
109 281
109 334
109 410
109 543
109 727
109 772
109 891
109 895
109 900
109 947
109 981
109 999
110 28
110 67
110 107
110 123
110 150
110 167
110 237
110 585
110 622
110 751
110 811
110 857
110 908
110 951
110 965
110 985
110 993
110 1000
111 1
111 23
111 47
111 76
111 109
111 110
111 187
111 262
111 331
111 351
111 528
111 556
111 747
111 762
111 843
111 855
111 912
111 940
111 941
111 951
111 964
111 986
111 995
111 1001
112 17
112 39
112 55
112 110
112 135
112 144
112 342
112 435
112 644
112 807
112 813
112 865
112 874
112 878
112 884
112 892
112 983
112 987
112 1003
112 1013
112 1020
112 1021
113 11
113 66
113 69
113 96
113 115
113 118
113 121
113 164
113 205
113 212
113 271
113 366
113 387
113 398
113 739
113 923
113 941
113 991
113 1006
113 1007
113 1012
114 23
114 24
114 46
114 47
114 68
114 76
114 121
114 166
114 206
114 241
114 450
114 752
114 761
114 791
114 792
114 796
114 882
114 902
114 941
114 973
114 1005
115 4
115 42
115 85
115 89
115 100
115 127
115 205
115 229
115 245
115 255
115 296
115 298
115 331
115 714
115 720
115 864
115 882
115 888
115 938
115 962
115 972
115 976
115 979
115 988
115 1017
116 8
116 16
116 112
116 116
116 149
116 201
116 268
116 333
116 435
116 702
116 796
116 890
116 930
116 965
116 995
116 1022
117 39
117 44
117 57
117 63
117 66
117 68
117 69
117 70
117 71
117 100
117 111
117 128
117 230
117 254
117 272
117 364
117 409
117 583
117 618
117 733
117 843
117 862
117 895
117 897
117 907
117 941
117 948
117 958
117 996
117 1004
117 1008
117 1009
118 7
118 29
118 34
118 59
118 104
118 114
118 142
118 191
118 735
118 845
118 885
118 932
118 941
118 956
118 960
118 965
118 1005
118 1006
118 1015
119 18
119 71
119 92
119 121
119 175
119 180
119 184
119 196
119 197
119 209
119 214
119 363
119 701
119 805
119 822
119 865
119 902
119 939
119 978
120 2
120 34
120 42
120 62
120 131
120 167
120 170
120 239
120 265
120 401
120 501
120 726
120 735
120 750
120 810
120 824
120 844
120 849
120 877
120 889
120 927
120 964
120 974
120 976
120 998
120 999
121 26
121 49
121 54
121 69
121 93
121 110
121 127
121 128
121 156
121 163
121 207
121 225
121 284
121 315
121 452
121 629
121 673
121 685
121 691
121 705
121 787
121 837
121 855
121 892
121 929
121 937
121 985
121 989
121 997
121 1013
122 1
122 35
122 36
122 117
122 220
122 229
122 246
122 285
122 409
122 683
122 767
122 897
122 908
122 914
122 923
122 970
122 991
122 995
122 1000
123 80
123 89
123 95
123 182
123 184
123 454
123 651
123 654
123 655
123 733
123 786
123 885
123 892
123 937
123 958
123 965
123 970
123 975
124 8
124 34
124 65
124 66
124 79
124 80
124 113
124 131
124 149
124 150
124 180
124 183
124 207
124 302
124 321
124 656
124 728
124 749
124 823
124 863
124 894
124 906
124 916
124 945
124 975
124 976
124 1010
124 1014
125 16
125 21
125 23
125 25
125 55
125 65
125 72
125 146
125 147
125 172
125 663
125 834
125 841
125 862
125 865
125 879
125 900
125 990
125 1005
125 1007
126 38
126 86
126 105
126 108
126 191
126 298
126 696
126 712
126 956
126 995
126 998
127 26
127 29
127 49
127 72
127 82
127 84
127 768
127 810
127 884
127 885
127 894
127 977
127 978
127 985
127 1007
127 1016
128 13
128 46
128 85
128 91
128 160
128 165
128 225
128 235
128 312
128 715
128 851
128 866
128 928
128 999
128 1006
129 1
129 23
129 39
129 46
129 59
129 68
129 113
129 135
129 141
129 146
129 168
129 219
129 222
129 249
129 302
129 466
129 651
129 714
129 861
129 882
129 908
129 911
129 914
129 941
129 964
129 968
129 1010
129 1023
130 24
130 42
130 81
130 172
130 236
130 260
130 816
130 835
130 908
130 976
130 994
130 1003
130 1013
131 1
131 16
131 18
131 33
131 39
131 124
131 142
131 386
131 394
131 787
131 888
131 952
131 967
131 1000
131 1002
131 1011
131 1020
132 6
132 42
132 72
132 89
132 92
132 109
132 118
132 127
132 134
132 161
132 262
132 826
132 874
132 879
132 921
132 929
132 955
132 1002
132 1011
132 1019
133 36
133 150
133 173
133 189
133 196
133 229
133 729
133 778
133 893
133 895
133 899
133 903
133 932
133 951
133 956
133 959
133 960
133 969
133 971
133 975
133 990
133 999
133 1008
134 22
134 31
134 32
134 38
134 49
134 115
134 157
134 192
134 210
134 213
134 214
134 218
134 576
134 813
134 852
134 880
134 985
134 989
134 993
134 1007
135 6
135 28
135 52
135 82
135 87
135 90
135 201
135 273
135 898
135 927
135 929
135 970
135 982
135 999
136 2
136 33
136 34
136 136
136 357
136 470
136 736
136 823
136 902
136 926
136 928
136 956
136 960
136 978
136 1022
137 5
137 27
137 28
137 42
137 47
137 64
137 67
137 69
137 76
137 81
137 121
137 148
137 163
137 210
137 253
137 309
137 847
137 876
137 907
137 926
137 1012
138 9
138 26
138 36
138 107
138 144
138 172
138 298
138 321
138 370
138 686
138 721
138 804
138 868
138 941
138 950
138 973
138 983
138 987
139 16
139 20
139 21
139 34
139 56
139 69
139 70
139 126
139 179
139 195
139 350
139 486
139 599
139 613
139 635
139 651
139 656
139 754
139 781
139 786
139 910
139 944
139 957
139 974
140 15
140 27
140 33
140 98
140 134
140 154
140 156
140 240
140 262
140 305
140 757
140 884
141 12
141 31
141 38
141 47
141 73
141 80
141 248
141 283
141 330
141 401
141 496
141 749
141 848
141 850
141 865
141 896
141 979
141 1022
142 6
142 29
142 40
142 71
142 81
142 87
142 96
142 102
142 142
142 170
142 174
142 196
142 228
142 237
142 279
142 411
142 859
142 868
142 908
142 978
142 1002
142 1011
143 1
143 23
143 24
143 30
143 40
143 84
143 100
143 104
143 168
143 240
143 291
143 630
143 712
143 715
143 810
143 908
143 975
144 13
144 25
144 26
144 44
144 48
144 97
144 106
144 193
144 197
144 280
144 473
144 541
144 662
144 692
144 710
144 909
144 922
144 930
144 970
145 22
145 30
145 60
145 74
145 97
145 179
145 271
145 315
145 335
145 369
145 383
145 391
145 559
145 822
145 827
145 857
145 952
145 962
146 12
146 23
146 160
146 167
146 180
146 223
146 302
146 777
146 829
146 859
146 868
146 900
146 930
146 945
146 951
146 953
146 970
146 983
146 989
146 993
147 2
147 6
147 8
147 15
147 25
147 52
147 78
147 110
147 145
147 206
147 251
147 265
147 288
147 350
147 351
147 397
147 900
147 902
147 1003
148 22
148 35
148 71
148 82
148 116
148 151
148 235
148 274
148 318
148 324
148 448
148 484
148 614
148 711
148 797
148 836
148 868
148 887
148 902
148 958
149 47
149 62
149 64
149 66
149 86
149 104
149 139
149 172
149 595
149 637
149 801
149 842
149 918
149 948
149 949
149 969
149 976
150 16
150 33
150 35
150 48
150 49
150 95
150 115
150 183
150 195
150 216
150 292
150 324
150 410
150 424
150 700
150 789
150 860
150 889
150 940
150 943
150 944
150 945
150 954
150 1017
151 24
151 26
151 47
151 70
151 99
151 115
151 116
151 120
151 176
151 189
151 194
151 206
151 297
151 609
151 722
151 746
151 773
151 816
151 857
151 874
151 900
151 902
151 904
151 939
151 952
151 1005
152 38
152 41
152 163
152 221
152 223
152 232
152 348
152 588
152 886
152 893
152 959
152 978
152 991
153 24
153 36
153 60
153 70
153 135
153 757
153 768
153 810
153 864
153 880
153 886
153 915
153 948
153 993
153 1004
154 4
154 8
154 24
154 76
154 133
154 138
154 150
154 208
154 261
154 314
154 685
154 742
154 752
154 778
154 781
154 873
154 884
154 915
154 939
154 970
154 971
154 973
154 989
154 1021
155 99
155 100
155 111
155 137
155 185
155 295
155 410
155 831
155 892
155 916
155 939
155 955
155 966
155 973
155 985
155 1016
156 0
156 14
156 36
156 51
156 57
156 129
156 148
156 168
156 226
156 231
156 275
156 334
156 368
156 392
156 545
156 759
156 923
156 927
156 970
156 1014
157 121
157 134
157 150
157 215
157 222
157 290
157 441
157 776
157 790
157 814
157 966
157 975
157 976
157 1005
158 32
158 74
158 100
158 104
158 133
158 221
158 266
158 305
158 334
158 412
158 602
158 773
158 847
158 848
158 920
158 948
158 997
158 1012
159 1
159 35
159 70
159 310
159 753
159 864
159 892
159 918
159 940
159 949
159 986
159 1005
159 1023
160 6
160 18
160 36
160 43
160 60
160 155
160 221
160 268
160 300
160 433
160 899
160 916
161 88
161 152
161 165
161 284
161 286
161 330
161 487
161 689
161 775
161 785
161 879
161 900
161 908
161 956
161 958
161 971
161 997
162 20
162 118
162 148
162 210
162 246
162 396
162 599
162 810
162 872
162 930
162 938
163 22
163 50
163 67
163 99
163 105
163 140
163 170
163 263
163 356
163 370
163 795
163 826
163 964
163 968
163 995
164 59
164 122
164 136
164 202
164 219
164 668
164 808
164 897
164 915
164 947
164 954
164 1023
165 27
165 67
165 73
165 79
165 126
165 132
165 141
165 912
165 929
165 942
165 958
165 973
166 44
166 67
166 111
166 175
166 267
166 279
166 286
166 340
166 728
166 730
166 731
166 809
166 910
166 916
166 953
166 980
166 1010
167 1
167 29
167 40
167 135
167 428
167 640
167 769
167 971
167 979
167 997
167 1001
168 0
168 27
168 37
168 86
168 94
168 123
168 134
168 221
168 224
168 321
168 551
168 678
168 704
168 898
168 943
168 959
168 991
169 1
169 2
169 54
169 72
169 89
169 136
169 144
169 185
169 201
169 207
169 228
169 288
169 774
169 877
169 891
169 955
169 976
170 25
170 46
170 67
170 120
170 180
170 285
170 679
170 950
170 952
170 979
170 980
170 985
170 988
171 43
171 129
171 163
171 209
171 212
171 234
171 260
171 314
171 315
171 369
171 641
171 759
171 830
171 937
171 991
172 4
172 31
172 59
172 67
172 68
172 91
172 126
172 156
172 202
172 235
172 303
172 759
172 794
172 877
172 891
172 914
172 919
172 966
173 55
173 72
173 133
173 158
173 163
173 228
173 230
173 245
173 263
173 594
173 799
173 887
173 956
173 961
173 981
173 1007
174 0
174 82
174 85
174 107
174 158
174 167
174 210
174 216
174 307
174 433
174 751
174 806
174 878
174 910
174 955
174 961
175 0
175 12
175 14
175 34
175 128
175 147
175 161
175 210
175 265
175 288
175 630
175 773
175 875
175 900
176 18
176 26
176 35
176 48
176 78
176 141
176 143
176 398
176 626
176 785
176 804
176 808
176 862
176 867
176 882
176 897
176 925
176 929
176 947
177 51
177 134
177 149
177 152
177 183
177 285
177 329
177 373
177 733
177 764
177 821
177 823
177 901
177 904
177 965
177 1021
178 5
178 8
178 27
178 36
178 68
178 77
178 87
178 93
178 96
178 99
178 395
178 707
178 714
178 733
178 784
178 788
178 803
178 841
178 858
178 868
178 923
178 942
178 961
178 962
178 964
179 4
179 51
179 65
179 82
179 105
179 218
179 414
179 610
179 870
179 960
179 961
179 1020
180 28
180 114
180 133
180 153
180 324
180 445
180 547
180 561
180 566
180 885
180 906
180 952
180 963
181 107
181 231
181 323
181 788
181 832
181 909
181 946
181 1009
182 71
182 175
182 245
182 804
182 874
182 876
182 924
182 940
182 963
182 1001
183 41
183 52
183 121
183 129
183 182
183 276
183 636
183 758
183 827
183 850
183 971
183 1005
184 22
184 45
184 84
184 165
184 170
184 190
184 275
184 329
184 374
184 665
184 762
184 766
184 802
184 911
184 948
185 1
185 23
185 86
185 98
185 149
185 153
185 212
185 217
185 243
185 415
185 642
185 758
185 837
185 881
185 891
185 958
186 0
186 32
186 80
186 100
186 104
186 137
186 138
186 184
186 192
186 216
186 346
186 355
186 766
186 767
186 864
186 881
186 911
186 942
186 983
186 993
187 5
187 96
187 106
187 143
187 426
187 765
187 869
187 883
187 938
187 978
188 18
188 22
188 23
188 73
188 130
188 131
188 147
188 319
188 339
188 758
188 828
188 864
188 941
188 1014
189 6
189 57
189 94
189 109
189 171
189 214
189 674
189 716
189 939
189 976
190 8
190 17
190 18
190 24
190 48
190 59
190 143
190 192
190 210
190 370
190 631
190 732
190 865
190 941
191 77
191 107
191 137
191 213
191 257
191 297
191 316
191 444
191 691
191 808
191 841
191 879
191 932
191 975
192 6
192 52
192 56
192 107
192 138
192 149
192 231
192 235
192 280
192 281
192 454
192 825
192 889
192 954
192 976
193 2
193 33
193 82
193 197
193 202
193 238
193 240
193 400
193 622
193 627
193 644
193 852
193 879
193 899
193 929
193 1001
193 1014
194 63
194 82
194 98
194 118
194 128
194 172
194 219
194 279
194 292
194 331
194 363
194 604
194 912
194 1012
194 1017
194 1018
195 7
195 65
195 238
195 250
195 269
195 712
195 896
196 8
196 26
196 34
196 61
196 66
196 163
196 256
196 385
196 416
196 478
196 742
196 796
196 837
196 1007
196 1012
197 124
197 191
197 268
197 308
197 455
197 699
197 783
197 795
197 798
197 838
197 867
197 940
197 982
197 984
197 1000
197 1013
198 94
198 148
198 172
198 224
198 234
198 287
198 337
198 578
198 620
198 747
198 830
198 961
198 990
198 1017
199 80
199 95
199 100
199 119
199 124
199 186
199 295
199 333
199 386
199 671
199 820
199 830
199 867
199 960
199 961
199 1004
200 16
200 98
200 252
200 742
200 975
200 983
200 991
200 1011
201 41
201 168
201 187
201 283
201 612
201 726
201 747
201 960
201 978
202 15
202 69
202 160
202 632
202 721
202 845
202 861
202 899
202 972
202 1004
203 65
203 167
203 186
203 695
203 739
203 824
203 919
203 926
203 949
203 950
203 984
203 991
203 1017
204 64
204 168
204 189
204 584
204 718
204 926
204 971
204 1008
204 1011
205 139
205 380
205 439
205 843
206 44
206 72
206 115
206 128
206 141
206 205
206 273
206 296
206 392
206 764
206 934
206 947
206 971
206 987
206 990
206 1003
207 25
207 34
207 48
207 54
207 94
207 118
207 206
207 408
207 771
207 782
207 815
207 823
207 891
207 932
208 51
208 76
208 103
208 252
208 412
208 740
208 860
208 862
208 999
209 34
209 109
209 135
209 141
209 190
209 200
209 941
209 954
209 960
209 987
209 1003
209 1005
210 47
210 55
210 109
210 709
210 742
210 809
210 859
210 861
210 885
210 969
210 993
211 11
211 158
211 269
211 661
211 933
211 1001
212 16
212 77
212 98
212 134
212 139
212 263
212 418
212 609
212 880
212 906
212 934
212 939
212 945
212 965
213 4
213 19
213 99
213 202
213 217
213 230
213 273
213 425
213 643
213 773
213 839
213 841
213 918
213 962
213 1009
214 67
214 97
214 187
214 218
214 597
214 734
214 876
214 899
214 938
215 156
215 598
215 740
215 865
215 938
215 943
215 999
216 46
216 231
216 236
216 352
216 387
216 591
216 608
216 770
216 801
216 861
216 947
216 994
216 1023
217 13
217 41
217 206
217 209
217 646
217 784
217 849
218 13
218 52
218 64
218 266
218 304
218 894
219 76
219 81
219 191
219 233
219 674
219 981
220 25
220 63
220 74
220 108
220 716
220 735
220 792
220 917
220 921
220 990
220 996
221 73
221 585
221 601
221 626
221 771
221 906
221 922
221 953
222 5
222 10
222 289
222 433
222 670
222 780
222 783
222 819
222 892
222 897
222 971
223 22
223 35
223 134
223 158
223 189
223 373
223 698
223 717
223 768
223 921
224 1
224 23
224 27
224 165
224 253
224 387
224 410
224 765
224 794
224 882
224 962
224 1005
225 86
225 419
225 865
225 974
225 979
225 1014
226 2
226 26
226 34
226 111
226 718
226 819
226 914
227 84
227 91
227 110
227 155
227 876
227 894
227 949
227 955
228 17
228 31
228 156
228 282
228 347
228 960
229 68
229 78
229 115
229 121
229 133
229 174
229 315
229 656
229 899
229 931
229 973
229 983
229 996
230 7
230 49
230 62
230 78
230 113
230 176
230 324
230 435
230 910
230 924
230 977
230 1014
231 71
231 77
231 96
231 142
231 722
231 806
231 845
231 846
231 857
231 924
231 1011
232 114
232 176
232 210
232 658
232 757
232 762
232 901
232 973
232 997
232 1002
233 21
233 58
233 72
233 90
233 188
233 202
233 739
233 771
233 796
233 843
233 888
233 918
233 930
233 950
233 1009
234 72
234 80
234 133
234 219
234 658
234 679
234 727
234 787
234 820
234 895
234 963
234 993
235 33
235 44
235 63
235 101
235 122
235 125
235 182
235 437
235 576
235 628
235 705
235 906
236 17
236 176
236 246
236 839
236 911
236 925
236 971
236 975
236 988
236 993
237 112
237 122
237 304
237 910
237 993
238 83
238 199
238 345
238 725
238 850
238 853
238 928
238 949
239 0
239 71
239 96
239 98
239 168
239 368
239 443
239 450
239 663
239 719
239 737
239 829
239 864
239 865
239 881
239 936
239 995
240 17
240 73
240 163
240 236
240 294
240 834
240 848
240 888
240 1015
241 38
241 62
241 197
241 278
241 675
241 723
241 728
241 828
241 877
241 938
241 1003
242 39
242 180
242 283
242 870
242 874
242 950
243 13
243 15
243 55
243 103
243 121
243 199
243 204
243 228
243 249
243 770
243 869
243 962
243 982
243 988
244 17
244 46
244 55
244 58
244 68
244 173
244 217
244 234
244 259
244 349
244 704
244 706
244 895
244 920
245 36
245 49
245 82
245 124
245 141
245 216
245 305
245 371
245 584
245 678
245 713
245 771
245 911
245 950
245 962
246 11
246 79
246 99
246 317
246 653
246 815
246 828
246 900
247 27
247 28
247 70
247 109
247 115
247 230
247 306
247 933
247 997
247 998
247 1010
248 4
248 9
248 137
248 182
248 864
248 890
248 892
248 1000
248 1003
249 32
249 173
249 250
249 805
249 959
249 961
250 128
250 441
250 693
250 747
250 850
250 943
250 979
250 983
250 998
251 40
251 86
251 329
251 864
251 881
251 942
251 968
252 35
252 94
252 703
252 824
252 905
252 1008
253 6
253 11
253 104
253 125
253 160
253 176
253 291
253 407
253 975
254 19
254 45
254 86
254 127
254 189
254 198
254 207
254 218
254 257
254 345
254 681
254 744
254 917
254 965
255 189
255 207
255 259
255 414
255 782
255 791
255 830
255 841
255 944
256 4
256 23
256 36
256 191
256 876
256 1002
257 15
257 40
257 92
257 95
257 245
257 246
257 975
257 984
258 0
258 100
258 800
258 847
258 878
258 948
259 91
259 142
259 229
259 408
259 776
259 875
259 908
259 961
259 971
259 1010
260 16
260 225
260 653
260 981
260 1008
261 18
261 78
261 82
261 137
261 173
261 220
261 637
261 657
261 813
261 972
262 157
262 168
262 714
262 839
262 868
262 931
262 945
262 949
262 1020
262 1021
263 198
263 231
263 378
263 638
263 869
263 885
263 909
263 911
263 1018
264 11
264 26
264 29
264 33
264 212
264 300
264 877
264 904
264 906
264 954
265 45
265 60
265 142
265 632
265 796
265 816
265 844
265 882
265 901
266 23
266 143
266 202
266 282
266 416
266 788
266 921
267 142
267 157
267 176
267 199
267 239
267 386
267 745
267 761
267 960
268 5
268 50
268 68
268 84
268 102
268 126
268 189
268 196
268 250
268 942
268 958
269 31
269 125
269 701
269 755
269 825
269 851
269 921
270 107
270 128
270 174
270 194
270 675
270 860
270 896
270 961
270 1002
271 135
271 157
271 772
271 778
271 821
272 43
272 76
272 119
272 299
272 900
272 920
272 980
273 17
273 94
273 167
273 216
273 942
274 11
274 42
274 596
274 689
274 917
274 1000
275 8
275 10
275 57
275 101
275 230
275 271
275 668
275 803
275 884
275 951
276 151
276 721
276 764
277 46
277 219
277 221
277 685
277 706
277 734
277 759
277 873
277 878
277 893
277 994
278 26
278 328
278 414
278 606
278 768
278 820
278 942
278 977
279 18
279 60
279 62
279 73
279 81
279 274
279 343
279 890
279 978
279 1015
280 27
280 42
280 260
280 731
280 771
280 820
280 959
281 107
281 138
281 269
281 644
281 917
282 2
282 101
282 249
282 295
282 892
283 160
283 835
283 934
284 54
284 67
284 204
284 226
284 263
284 377
284 738
284 794
284 798
284 826
284 854
284 907
284 1016
285 108
285 215
285 233
285 403
285 850
285 874
285 951
285 965
286 145
286 810
286 874
287 756
287 867
287 911
287 977
288 33
288 55
288 720
288 764
288 837
288 930
289 87
289 126
289 293
289 687
289 726
289 797
289 828
289 981
290 55
290 225
290 919
290 942
290 1015
291 21
291 632
291 648
291 801
291 817
291 994
291 1004
292 51
292 191
292 310
292 379
292 841
292 991
292 992
293 81
293 83
293 156
293 205
293 1011
294 63
294 86
294 120
294 127
294 164
294 308
294 372
294 842
294 854
294 879
294 909
294 1005
295 69
295 131
295 177
295 316
295 879
295 897
295 948
296 23
296 760
296 768
296 777
296 849
296 860
296 891
297 100
297 290
297 298
297 791
297 989
298 15
298 65
298 264
298 718
298 863
298 945
299 70
299 643
299 763
299 923
299 992
300 122
300 267
300 353
300 413
300 646
300 733
300 864
301 7
301 50
301 640
301 776
301 895
301 954
301 986
302 78
302 109
302 181
302 188
302 847
302 850
303 112
303 1015
304 74
304 180
304 382
304 721
304 966
304 978
305 13
305 33
305 220
305 241
305 739
306 49
306 83
306 113
306 284
306 681
306 724
306 911
306 975
306 1021
307 28
307 177
307 208
307 252
307 397
307 805
307 917
307 923
307 1007
307 1008
308 1
308 83
308 108
308 377
308 630
308 875
308 986
309 44
309 245
309 621
309 922
309 924
309 947
310 1
310 19
310 216
310 334
310 769
310 858
310 972
310 1023
311 175
311 189
311 199
311 274
311 307
311 737
311 775
311 824
312 100
312 230
312 253
312 265
312 679
312 781
312 878
312 910
313 37
313 40
313 217
313 241
313 270
313 317
313 731
313 895
313 977
314 224
314 810
314 846
314 866
315 80
315 265
315 927
316 6
316 49
316 200
316 376
316 752
316 826
316 929
317 95
317 306
317 310
317 810
317 820
317 962
317 995
318 15
318 19
318 102
318 248
318 249
318 292
318 687
318 819
318 843
318 929
318 1020
319 6
319 70
319 193
319 202
319 335
319 938
319 970
319 972
319 994
320 123
320 142
320 167
320 923
320 944
321 139
321 738
321 776
321 836
321 891
322 16
322 208
322 793
322 904
322 961
322 964
323 100
323 124
323 695
323 893
323 950
324 63
324 188
324 900
324 987
325 82
325 166
325 167
325 348
325 951
326 111
326 161
326 994
326 996
327 48
327 81
327 176
327 278
327 387
327 697
327 858
328 16
328 39
328 889
328 980
328 989
329 18
329 104
329 150
329 191
329 808
329 844
329 952
330 31
330 119
330 224
330 863
331 66
331 221
331 739
331 897
332 112
332 171
332 389
332 950
333 36
333 160
333 231
333 313
333 760
334 35
334 234
334 242
334 291
334 910
335 72
335 957
336 202
336 205
336 720
336 765
336 897
336 937
336 964
337 940
337 945
337 969
338 69
338 987
339 6
339 68
339 198
339 220
339 318
339 680
339 1019
340 188
340 313
340 1009
341 8
341 211
341 289
341 327
341 380
341 807
342 180
342 233
342 652
342 817
342 897
342 902
342 957
342 1006
343 71
343 130
343 661
343 825
343 876
343 970
344 14
344 46
344 79
344 221
344 247
344 974
345 39
345 86
345 136
345 676
345 809
345 1006
346 10
346 45
346 120
346 122
347 109
347 124
347 271
347 868
348 79
348 273
348 698
348 817
348 915
349 4
349 195
349 696
349 858
349 862
349 898
350 208
350 905
350 954
351 52
351 73
351 175
351 738
351 812
352 933
352 952
352 960
352 994
353 184
353 961
355 231
355 329
355 814
355 947
356 159
356 1020
357 686
357 923
358 23
358 43
358 93
358 268
358 713
358 781
358 831
358 958
358 997
359 22
359 45
359 275
359 909
359 983
360 59
360 71
360 822
360 935
360 995
361 189
361 926
362 214
362 946
363 940
363 970
364 70
364 229
364 777
364 1009
364 1013
365 22
365 74
365 101
365 151
365 188
365 199
365 853
366 111
366 942
366 947
367 63
367 104
368 100
368 248
368 669
368 955
369 77
369 129
369 1003
370 205
370 970
371 16
371 249
371 914
371 1000
371 1014
372 35
372 132
372 154
372 280
372 670
372 805
373 79
373 933
373 981
374 127
374 258
374 971
374 1015
375 104
375 131
375 198
375 1018
376 353
376 908
376 922
377 15
377 69
377 79
377 189
377 851
377 991
378 33
378 65
378 161
378 222
378 672
379 92
379 190
379 225
379 785
381 2
381 748
381 925
382 102
382 879
382 910
383 308
383 943
384 762
384 991
384 998
384 1005
385 68
385 116
385 272
385 756
385 914
385 970
386 42
386 243
386 266
386 840
386 979
387 211
387 685
387 722
387 794
387 925
388 92
388 182
389 160
389 927
390 93
390 835
390 898
391 879
391 1021
392 238
392 797
392 1001
393 6
393 55
393 283
393 789
393 999
394 741
394 790
394 851
394 870
394 1000
395 72
395 110
395 904
395 967
395 1014
395 1023
396 94
396 148
396 944
397 37
397 149
397 850
397 914
398 849
398 946
399 80
399 324
399 795
399 985
399 992
400 293
400 815
400 942
400 982
401 68
401 162
401 266
401 726
401 963
401 1001
402 143
402 206
402 267
402 308
402 902
402 969
402 999
403 215
403 856
404 915
404 978
406 41
406 211
406 860
406 935
406 1011
407 310
407 709
407 854
407 863
408 139
408 265
408 898
408 989
409 149
409 150
409 863
409 958
410 21
410 98
410 233
410 238
410 772
410 791
410 845
410 930
411 932
411 942
411 945
411 1003
413 108
413 175
413 787
413 902
413 939
414 21
414 138
414 196
414 239
414 978
415 68
415 177
415 271
416 844
417 61
417 127
417 821
418 93
418 988
419 106
419 226
419 937
420 136
420 855
420 904
421 34
422 888
423 66
423 756
424 93
424 860
424 952
425 27
425 765
426 864
426 969
426 1000
427 59
427 283
427 920
427 921
428 745
429 25
429 41
429 107
430 143
430 962
431 773
432 158
432 924
433 119
434 59
434 145
434 205
434 909
435 97
435 138
435 791
436 973
436 977
437 1015
438 39
439 267
440 152
440 174
441 836
442 2
442 243
442 795
442 867
443 167
443 820
444 106
444 184
444 968
444 1011
446 778
446 792
447 178
448 782
448 1011
449 109
449 112
450 841
450 995
450 1023
451 245
452 59
452 126
452 130
452 841
453 811
453 899
453 944
453 945
455 209
455 869
456 174
456 997
457 784
457 851
457 984
458 112
458 815
459 932
459 952
461 922
462 814
464 48
464 911
464 1009
467 111
467 917
467 918
468 81
468 128
469 991
471 63
472 73
472 896
473 968
473 993
474 92
475 164
475 937
476 199
478 983
479 103
479 881
479 930
480 177
481 17
482 845
483 868
483 889
485 893
485 928
485 952
485 980
488 927
489 950
490 90
490 971
491 70
494 4
496 58
498 15
499 905
503 905
504 31
504 61
505 17
508 1007
511 963
512 999
