0 0
0 1
0 2
0 3
0 4
0 5
0 6
0 7
0 8
0 9
0 10
0 11
0 12
0 13
0 14
0 15
0 16
0 17
0 18
0 19
0 20
0 73
0 91
0 101
0 107
0 141
0 150
0 168
0 169
0 181
0 209
0 226
0 233
0 321
0 385
0 389
0 407
0 447
0 459
0 475
0 496
1 0
1 1
1 2
1 3
1 4
1 5
1 6
1 7
1 8
1 9
1 10
1 11
1 12
1 13
1 14
1 15
1 16
1 17
1 18
1 19
1 58
1 76
1 109
1 135
1 191
1 199
1 239
1 265
1 294
1 314
1 325
1 386
1 391
1 413
1 479
1 481
1 484
2 0
2 1
2 2
2 3
2 4
2 5
2 6
2 7
2 8
2 9
2 10
2 11
2 12
2 13
2 14
2 15
2 16
2 17
2 18
2 19
2 36
2 73
2 87
2 129
2 142
2 154
2 164
2 166
2 191
2 208
2 211
2 214
2 229
2 255
2 265
2 270
2 315
2 335
2 336
2 339
2 350
2 380
2 398
2 430
2 464
3 0
3 1
3 2
3 3
3 4
3 5
3 6
3 7
3 8
3 9
3 10
3 11
3 12
3 13
3 14
3 15
3 16
3 17
3 18
3 19
3 26
3 33
3 56
3 83
3 84
3 97
3 113
3 138
3 145
3 165
3 185
3 216
3 219
3 222
3 227
3 320
3 332
3 349
3 353
3 368
3 496
4 0
4 1
4 2
4 3
4 4
4 5
4 6
4 7
4 8
4 9
4 10
4 11
4 12
4 13
4 14
4 15
4 16
4 17
4 18
4 19
4 30
4 34
4 69
4 85
4 152
4 224
4 241
4 245
4 258
4 287
4 291
4 295
4 342
4 345
4 382
4 388
4 476
4 481
4 487
4 488
5 0
5 1
5 2
5 3
5 4
5 5
5 6
5 7
5 8
5 9
5 10
5 11
5 12
5 13
5 14
5 15
5 16
5 17
5 18
5 19
5 44
5 106
5 132
5 160
5 179
5 186
5 194
5 200
5 255
5 309
5 311
5 325
5 401
5 411
5 470
5 471
5 493
5 502
6 0
6 1
6 2
6 3
6 4
6 5
6 6
6 7
6 8
6 9
6 10
6 11
6 12
6 13
6 14
6 15
6 16
6 17
6 18
6 19
6 47
6 56
6 172
6 190
6 210
6 266
6 283
6 290
6 318
6 350
6 370
6 377
6 407
6 413
6 461
6 500
7 0
7 1
7 2
7 3
7 4
7 5
7 6
7 7
7 8
7 9
7 10
7 11
7 12
7 13
7 14
7 15
7 16
7 17
7 18
7 45
7 73
7 111
7 136
7 142
7 181
7 191
7 196
7 211
7 238
7 265
7 280
7 345
7 368
7 371
7 378
7 393
7 442
7 455
7 485
8 0
8 1
8 2
8 3
8 4
8 5
8 6
8 7
8 8
8 9
8 10
8 11
8 12
8 13
8 14
8 15
8 16
8 17
8 18
8 97
8 116
8 132
8 133
8 147
8 155
8 190
8 247
8 248
8 259
8 290
8 309
8 372
8 373
8 440
8 441
8 447
8 503
9 0
9 1
9 2
9 3
9 4
9 5
9 6
9 7
9 8
9 9
9 10
9 11
9 12
9 13
9 14
9 15
9 16
9 17
9 20
9 50
9 69
9 70
9 108
9 144
9 161
9 184
9 212
9 218
9 229
9 234
9 245
9 278
9 306
9 338
9 342
9 356
9 361
9 387
9 394
9 399
9 401
9 440
9 482
10 0
10 1
10 2
10 3
10 4
10 5
10 6
10 7
10 8
10 9
10 10
10 11
10 12
10 13
10 14
10 15
10 16
10 17
10 20
10 28
10 37
10 41
10 55
10 70
10 110
10 178
10 188
10 189
10 191
10 198
10 205
10 219
10 220
10 238
10 260
10 269
10 289
10 297
10 306
10 312
10 322
10 354
10 365
10 407
10 408
10 416
10 429
10 432
10 487
10 497
10 500
10 511
11 0
11 1
11 2
11 3
11 4
11 5
11 6
11 7
11 8
11 9
11 10
11 11
11 12
11 13
11 14
11 15
11 16
11 38
11 48
11 70
11 80
11 88
11 98
11 108
11 131
11 147
11 173
11 186
11 231
11 240
11 310
11 340
11 375
11 377
11 406
11 411
11 421
11 438
11 445
11 446
11 450
11 463
11 472
11 473
11 484
11 503
12 0
12 1
12 2
12 3
12 4
12 5
12 6
12 7
12 8
12 9
12 10
12 11
12 12
12 13
12 14
12 15
12 16
12 23
12 57
12 114
12 170
12 241
12 303
12 312
12 315
12 316
12 349
12 355
12 371
12 416
12 454
12 479
13 0
13 1
13 2
13 3
13 4
13 5
13 6
13 7
13 8
13 9
13 10
13 11
13 12
13 13
13 14
13 15
13 42
13 53
13 105
13 119
13 121
13 165
13 207
13 244
13 261
13 294
13 305
13 308
13 312
13 327
13 339
13 349
13 363
13 378
13 382
13 436
13 460
13 481
14 0
14 1
14 2
14 3
14 4
14 5
14 6
14 7
14 8
14 9
14 10
14 11
14 12
14 13
14 14
14 91
14 110
14 119
14 158
14 161
14 199
14 213
14 238
14 250
14 295
14 302
14 320
14 337
14 353
14 395
14 417
14 441
15 0
15 1
15 2
15 3
15 4
15 5
15 6
15 7
15 8
15 9
15 10
15 11
15 12
15 13
15 56
15 70
15 77
15 93
15 139
15 147
15 154
15 168
15 210
15 221
15 227
15 232
15 251
15 273
15 282
15 300
15 306
15 311
15 329
15 351
15 372
15 374
15 382
15 396
15 417
15 458
15 461
15 465
15 479
15 494
16 0
16 1
16 2
16 3
16 4
16 5
16 6
16 7
16 8
16 9
16 10
16 11
16 12
16 14
16 15
16 53
16 156
16 199
16 201
16 230
16 231
16 252
16 306
16 312
16 316
16 321
16 353
16 385
16 394
16 400
16 401
16 414
16 435
16 496
16 499
16 504
16 511
17 0
17 1
17 2
17 3
17 4
17 5
17 6
17 7
17 8
17 9
17 10
17 14
17 29
17 99
17 120
17 140
17 193
17 198
17 208
17 225
17 237
17 244
17 245
17 280
17 284
17 293
17 301
17 321
17 324
17 402
17 451
17 483
17 502
17 511
18 0
18 1
18 2
18 3
18 4
18 5
18 6
18 7
18 8
18 29
18 79
18 89
18 94
18 125
18 190
18 227
18 257
18 303
18 305
18 375
18 377
18 382
18 505
19 0
19 1
19 2
19 3
19 4
19 5
19 6
19 76
19 93
19 97
19 183
19 231
19 246
19 255
19 258
19 265
19 269
19 274
19 278
19 297
19 321
19 367
19 383
19 416
19 420
19 436
19 463
19 464
19 474
19 476
19 496
20 0
20 12
20 56
20 66
20 111
20 135
20 155
20 161
20 163
20 233
20 260
20 263
20 319
20 340
20 346
20 349
20 356
20 399
20 420
20 477
21 12
21 22
21 112
21 114
21 199
21 201
21 271
21 273
21 361
21 369
21 406
21 420
21 442
21 472
22 12
22 17
22 62
22 68
22 84
22 88
22 126
22 156
22 164
22 174
22 179
22 194
22 197
22 198
22 203
22 204
22 206
22 225
22 251
22 312
22 354
22 406
22 436
22 498
22 507
23 58
23 93
23 122
23 127
23 157
23 161
23 190
23 203
23 224
23 237
23 283
23 302
23 306
23 360
23 399
23 409
23 428
24 33
24 39
24 54
24 56
24 95
24 103
24 104
24 154
24 162
24 177
24 218
24 221
24 234
24 308
24 336
24 341
24 345
24 349
24 380
24 394
24 402
24 438
24 448
24 484
25 59
25 103
25 121
25 218
25 240
25 243
25 257
25 278
25 284
25 289
25 294
25 305
25 326
25 328
25 354
25 358
25 369
25 382
25 406
25 455
25 467
25 494
25 495
26 4
26 13
26 40
26 58
26 109
26 119
26 127
26 130
26 131
26 136
26 143
26 147
26 148
26 163
26 184
26 215
26 232
26 278
26 297
26 302
26 310
26 312
26 317
26 343
26 361
26 432
26 436
26 437
26 470
26 500
27 40
27 46
27 56
27 62
27 92
27 112
27 146
27 169
27 198
27 235
27 284
27 297
27 321
27 324
27 370
27 375
27 379
27 387
27 390
27 411
27 420
27 430
27 453
27 467
27 469
27 479
28 1
28 26
28 37
28 60
28 71
28 73
28 111
28 116
28 123
28 143
28 194
28 211
28 234
28 238
28 244
28 269
28 271
28 294
28 308
28 314
28 338
28 348
28 350
28 356
28 368
28 385
28 388
28 420
28 437
28 447
28 449
28 477
28 496
29 21
29 121
29 137
29 157
29 217
29 227
29 251
29 262
29 277
29 285
29 339
29 360
29 386
29 413
29 416
29 434
29 461
29 466
29 483
29 491
30 22
30 50
30 59
30 84
30 113
30 125
30 129
30 143
30 148
30 166
30 196
30 201
30 217
30 329
30 343
30 346
30 439
30 458
30 464
30 508
31 2
31 5
31 21
31 40
31 74
31 87
31 90
31 98
31 166
31 186
31 262
31 284
31 295
31 350
31 355
31 379
31 392
31 409
31 432
31 443
31 481
31 491
32 5
32 22
32 55
32 82
32 100
32 105
32 130
32 144
32 166
32 188
32 223
32 288
32 314
32 322
32 395
32 412
32 417
32 419
32 470
32 506
33 0
33 9
33 13
33 38
33 41
33 86
33 96
33 103
33 122
33 143
33 157
33 197
33 199
33 209
33 218
33 234
33 253
33 256
33 265
33 273
33 300
33 332
33 348
33 350
33 358
33 361
33 384
33 388
33 433
33 440
33 494
34 21
34 35
34 61
34 75
34 78
34 98
34 116
34 122
34 200
34 203
34 227
34 235
34 244
34 272
34 302
34 337
34 407
34 421
34 423
34 499
35 9
35 12
35 22
35 35
35 38
35 54
35 59
35 69
35 82
35 87
35 102
35 129
35 154
35 173
35 205
35 230
35 248
35 256
35 313
35 316
35 352
35 404
35 422
35 441
35 477
35 483
36 71
36 110
36 142
36 194
36 202
36 220
36 222
36 264
36 265
36 284
36 286
36 289
36 301
36 323
36 334
36 337
36 355
36 357
36 389
36 418
36 435
36 446
36 471
36 486
36 489
36 502
37 13
37 26
37 39
37 40
37 68
37 106
37 152
37 183
37 282
37 288
37 311
37 363
37 370
37 371
37 379
37 417
37 450
37 456
37 487
37 506
37 507
38 26
38 37
38 102
38 110
38 117
38 132
38 153
38 158
38 162
38 186
38 192
38 197
38 220
38 226
38 232
38 248
38 254
38 265
38 268
38 297
38 302
38 323
38 362
38 408
38 449
38 464
38 498
39 15
39 45
39 48
39 58
39 129
39 163
39 177
39 194
39 201
39 212
39 215
39 227
39 239
39 252
39 281
39 298
39 303
39 336
39 368
39 422
39 424
39 429
39 460
39 487
39 498
40 14
40 46
40 61
40 73
40 77
40 94
40 95
40 102
40 105
40 110
40 192
40 225
40 233
40 237
40 353
40 376
40 426
40 434
40 460
40 479
40 495
40 499
40 508
41 1
41 3
41 41
41 54
41 66
41 74
41 75
41 83
41 84
41 108
41 122
41 130
41 142
41 153
41 157
41 204
41 223
41 332
41 358
41 360
41 364
41 370
41 395
41 410
41 435
41 436
41 454
41 493
42 4
42 21
42 32
42 61
42 62
42 119
42 156
42 171
42 178
42 211
42 249
42 251
42 265
42 267
42 270
42 287
42 440
42 456
42 466
42 478
42 491
43 5
43 9
43 16
43 23
43 43
43 56
43 72
43 117
43 118
43 153
43 155
43 221
43 285
43 296
43 298
43 299
43 326
43 340
43 342
43 382
43 385
43 397
43 403
43 406
43 432
43 500
43 506
43 508
44 11
44 16
44 33
44 37
44 61
44 74
44 80
44 98
44 104
44 138
44 158
44 169
44 191
44 216
44 227
44 273
44 311
44 318
44 325
44 329
44 345
44 399
44 400
44 421
44 440
44 479
44 489
45 51
45 62
45 92
45 123
45 160
45 165
45 171
45 197
45 234
45 242
45 249
45 259
45 305
45 313
45 317
45 320
45 329
45 338
45 383
45 386
45 387
45 396
45 397
45 410
45 424
45 453
45 462
45 464
45 465
45 481
45 493
45 511
46 51
46 53
46 100
46 120
46 125
46 133
46 153
46 169
46 176
46 212
46 224
46 272
46 318
46 323
46 347
46 368
46 470
46 481
47 32
47 38
47 59
47 65
47 111
47 138
47 158
47 165
47 175
47 178
47 259
47 279
47 296
47 305
47 332
47 389
47 416
47 424
47 443
48 7
48 11
48 16
48 41
48 86
48 92
48 104
48 134
48 197
48 212
48 273
48 278
48 301
48 311
48 394
48 411
48 431
48 434
48 435
48 475
48 506
49 27
49 28
49 79
49 95
49 109
49 117
49 123
49 128
49 137
49 168
49 184
49 199
49 230
49 294
49 302
49 307
49 313
49 349
49 365
49 370
49 418
49 447
49 452
49 464
49 472
49 491
50 2
50 24
50 86
50 93
50 106
50 107
50 119
50 175
50 177
50 179
50 226
50 244
50 286
50 311
50 333
50 346
50 349
50 362
50 382
50 421
50 428
50 429
50 450
50 462
50 502
51 57
51 60
51 137
51 182
51 224
51 234
51 254
51 275
51 292
51 311
51 323
51 350
51 363
51 409
51 444
51 470
51 490
51 505
52 11
52 30
52 32
52 108
52 118
52 127
52 240
52 261
52 271
52 274
52 302
52 327
52 373
52 403
52 449
53 0
53 78
53 82
53 97
53 113
53 173
53 187
53 230
53 234
53 240
53 268
53 308
53 328
53 345
53 353
53 373
53 378
53 394
53 400
53 417
53 418
53 424
53 450
53 481
53 492
53 499
53 501
54 48
54 51
54 85
54 125
54 139
54 218
54 232
54 245
54 263
54 271
54 276
54 281
54 286
54 294
54 296
54 307
54 308
54 341
54 347
54 350
54 391
54 423
54 453
54 487
54 489
55 4
55 20
55 29
55 58
55 69
55 71
55 134
55 167
55 234
55 266
55 333
55 358
55 369
55 407
55 429
55 443
55 453
55 460
56 41
56 53
56 61
56 90
56 103
56 108
56 170
56 176
56 212
56 235
56 251
56 257
56 281
56 304
56 310
56 369
56 428
56 471
56 475
56 491
56 497
56 503
56 505
57 17
57 36
57 63
57 71
57 132
57 135
57 172
57 174
57 182
57 186
57 217
57 254
57 296
57 317
57 340
57 343
57 355
57 407
57 408
57 452
57 461
57 471
57 472
58 24
58 32
58 102
58 110
58 156
58 184
58 194
58 203
58 224
58 248
58 275
58 281
58 283
58 341
58 381
58 389
58 399
58 477
58 501
59 86
59 90
59 159
59 183
59 193
59 263
59 282
59 319
59 325
59 332
59 380
59 403
59 435
59 449
59 469
60 9
60 24
60 105
60 126
60 213
60 277
60 281
60 284
60 292
60 322
60 366
60 370
60 435
60 442
60 445
60 470
61 1
61 23
61 29
61 41
61 52
61 54
61 62
61 67
61 72
61 83
61 84
61 107
61 115
61 148
61 174
61 193
61 204
61 209
61 211
61 248
61 335
61 350
61 369
61 397
61 416
61 423
61 456
61 474
61 502
62 23
62 41
62 44
62 62
62 74
62 111
62 153
62 176
62 183
62 192
62 203
62 264
62 287
62 345
62 381
62 434
62 437
62 445
62 454
62 458
62 505
63 15
63 21
63 41
63 73
63 74
63 84
63 102
63 150
63 177
63 186
63 243
63 250
63 300
63 324
63 336
63 391
63 431
63 453
63 477
64 0
64 11
64 12
64 35
64 37
64 67
64 114
64 136
64 184
64 234
64 249
64 271
64 293
64 313
64 327
64 346
64 384
64 421
64 466
64 472
64 505
65 30
65 70
65 74
65 101
65 134
65 169
65 191
65 192
65 195
65 203
65 293
65 315
65 365
65 385
65 400
65 421
65 446
66 28
66 39
66 73
66 103
66 120
66 211
66 213
66 225
66 238
66 296
66 301
66 425
66 432
66 441
66 494
66 504
67 26
67 31
67 68
67 113
67 132
67 138
67 139
67 158
67 162
67 185
67 200
67 202
67 249
67 272
67 311
67 351
67 370
67 403
67 413
67 420
67 434
67 463
67 466
67 488
68 5
68 31
68 32
68 39
68 43
68 55
68 58
68 63
68 94
68 95
68 136
68 161
68 175
68 182
68 237
68 242
68 247
68 276
68 277
68 296
68 314
68 323
68 324
68 350
68 353
68 364
68 423
68 465
68 467
68 484
68 511
69 101
69 143
69 203
69 248
69 260
69 272
69 283
69 306
69 321
69 333
69 336
69 354
69 388
69 408
69 458
69 477
69 481
69 484
69 507
70 23
70 47
70 82
70 162
70 172
70 217
70 265
70 293
70 295
70 296
70 299
70 310
70 315
70 349
70 367
70 376
70 390
70 393
70 408
70 412
70 421
70 434
70 439
70 462
70 469
70 475
70 479
70 482
70 484
70 493
70 498
71 34
71 36
71 56
71 82
71 124
71 134
71 140
71 167
71 185
71 186
71 187
71 221
71 239
71 240
71 250
71 251
71 283
71 290
71 298
71 300
71 302
71 303
71 351
71 395
71 398
71 408
71 416
71 426
71 452
71 453
71 457
71 462
71 471
71 508
72 53
72 59
72 93
72 110
72 137
72 150
72 152
72 156
72 192
72 200
72 235
72 245
72 247
72 273
72 359
72 371
72 372
72 378
72 387
72 410
72 433
72 436
72 447
72 477
72 479
73 0
73 49
73 60
73 117
73 119
73 137
73 235
73 240
73 267
73 274
73 304
73 313
73 335
73 397
73 404
73 405
73 448
73 463
73 500
74 4
74 38
74 63
74 94
74 95
74 106
74 119
74 146
74 161
74 165
74 168
74 207
74 223
74 231
74 232
74 240
74 253
74 321
74 324
74 385
74 398
74 403
74 404
74 414
74 415
74 439
74 449
74 468
74 473
74 490
75 27
75 87
75 126
75 161
75 204
75 221
75 240
75 262
75 267
75 285
75 307
75 341
75 356
75 384
76 1
76 64
76 73
76 78
76 95
76 145
76 180
76 194
76 198
76 202
76 219
76 229
76 233
76 237
76 251
76 309
76 318
76 319
76 334
76 335
76 347
76 384
76 435
76 444
76 454
77 26
77 29
77 73
77 89
77 204
77 232
77 237
77 242
77 268
77 276
77 277
77 290
77 311
77 320
77 326
77 364
77 406
77 433
77 452
77 485
77 506
78 8
78 24
78 27
78 46
78 48
78 65
78 74
78 106
78 110
78 115
78 166
78 211
78 236
78 324
78 327
78 334
78 343
78 355
78 368
78 380
78 401
78 403
78 424
78 444
78 448
78 460
78 506
79 20
79 27
79 30
79 54
79 55
79 57
79 80
79 91
79 140
79 157
79 196
79 278
79 283
79 305
79 369
79 388
79 444
79 462
79 496
80 28
80 38
80 78
80 128
80 136
80 137
80 139
80 152
80 164
80 180
80 201
80 211
80 252
80 303
80 320
80 371
80 413
80 425
80 428
80 437
80 445
80 460
80 491
80 508
81 12
81 24
81 29
81 31
81 63
81 74
81 88
81 92
81 99
81 164
81 251
81 256
81 341
81 349
81 355
81 399
81 422
81 424
81 426
81 427
81 462
81 469
81 470
81 471
81 481
81 484
81 503
81 508
82 13
82 19
82 58
82 93
82 101
82 136
82 156
82 184
82 198
82 224
82 247
82 272
82 305
82 333
82 358
82 376
82 378
82 484
83 2
83 22
83 49
83 99
83 107
83 128
83 155
83 173
83 184
83 186
83 200
83 247
83 258
83 272
83 274
83 285
83 300
83 322
83 326
83 400
83 403
83 491
84 29
84 58
84 74
84 94
84 110
84 126
84 130
84 172
84 192
84 203
84 221
84 239
84 249
84 297
84 346
84 349
84 368
84 380
84 388
84 401
84 427
84 439
84 453
84 455
84 497
84 510
85 28
85 45
85 54
85 75
85 105
85 108
85 110
85 115
85 133
85 148
85 199
85 209
85 212
85 252
85 263
85 272
85 275
85 312
85 352
85 366
85 404
85 415
85 435
85 455
85 480
86 15
86 27
86 32
86 49
86 97
86 107
86 112
86 173
86 206
86 228
86 298
86 304
86 314
86 325
86 334
86 340
86 348
86 355
86 376
86 418
86 437
86 480
86 511
87 103
87 106
87 121
87 135
87 166
87 198
87 258
87 280
87 286
87 337
87 382
87 383
87 403
87 424
87 448
87 476
87 482
87 489
87 491
87 497
88 44
88 51
88 57
88 67
88 103
88 144
88 161
88 168
88 179
88 189
88 199
88 234
88 283
88 289
88 311
88 323
88 328
88 343
88 359
88 362
88 367
88 399
88 413
88 430
88 443
88 495
88 511
89 7
89 11
89 18
89 30
89 66
89 130
89 144
89 164
89 172
89 204
89 207
89 234
89 254
89 255
89 285
89 318
89 447
89 460
89 483
90 9
90 84
90 113
90 135
90 136
90 146
90 158
90 163
90 166
90 200
90 222
90 238
90 239
90 266
90 278
90 287
90 292
90 293
90 303
90 314
90 317
90 346
90 350
90 424
90 439
90 454
91 32
91 56
91 62
91 71
91 79
91 90
91 95
91 118
91 217
91 220
91 231
91 232
91 248
91 257
91 338
91 391
91 394
91 402
91 419
91 435
91 507
92 17
92 43
92 55
92 65
92 69
92 122
92 146
92 172
92 184
92 202
92 216
92 229
92 239
92 275
92 292
92 317
92 327
92 333
92 350
92 375
92 379
92 381
92 391
92 392
92 412
92 413
92 475
92 498
92 503
92 504
93 1
93 36
93 64
93 82
93 83
93 113
93 132
93 146
93 170
93 178
93 180
93 190
93 194
93 271
93 281
93 293
93 349
93 353
93 367
93 396
93 397
93 417
93 456
93 463
93 470
93 477
93 479
93 492
94 1
94 64
94 74
94 121
94 156
94 182
94 218
94 223
94 249
94 280
94 302
94 304
94 312
94 318
94 340
94 368
94 374
94 389
94 394
94 470
94 477
94 503
95 38
95 54
95 80
95 104
95 121
95 128
95 133
95 134
95 143
95 163
95 184
95 188
95 274
95 275
95 290
95 291
95 304
95 351
95 418
95 495
95 507
96 10
96 29
96 33
96 43
96 63
96 151
96 188
96 205
96 214
96 223
96 237
96 244
96 266
96 307
96 340
96 349
96 356
96 368
96 418
96 425
96 479
96 493
97 39
97 89
97 114
97 125
97 149
97 186
97 194
97 212
97 217
97 236
97 239
97 241
97 257
97 266
97 310
97 312
97 324
97 331
97 347
97 377
97 380
97 383
97 404
97 406
97 431
97 488
98 6
98 23
98 81
98 91
98 133
98 153
98 154
98 197
98 281
98 299
98 307
98 312
98 317
98 382
98 414
98 430
98 435
98 449
99 6
99 9
99 11
99 26
99 115
99 138
99 176
99 177
99 213
99 221
99 240
99 243
99 253
99 258
99 297
99 316
99 323
99 339
99 340
99 341
99 342
99 357
99 360
99 391
99 420
99 425
99 428
99 473
99 487
99 504
100 9
100 13
100 21
100 30
100 57
100 62
100 67
100 90
100 91
100 99
100 127
100 166
100 193
100 213
100 218
100 220
100 297
100 327
100 347
100 371
100 410
100 441
100 470
100 494
100 509
101 127
101 172
101 189
101 213
101 216
101 240
101 247
101 255
101 263
101 319
101 332
101 368
101 383
101 389
101 445
101 461
101 464
101 474
101 493
101 501
102 13
102 30
102 68
102 136
102 139
102 158
102 251
102 259
102 278
102 284
102 326
102 327
102 400
102 401
102 420
102 490
103 60
103 68
103 71
103 88
103 111
103 112
103 116
103 162
103 181
103 224
103 282
103 285
103 302
103 325
103 362
103 396
103 399
103 406
103 419
103 427
103 467
103 472
103 492
104 20
104 21
104 36
104 57
104 141
104 176
104 211
104 213
104 220
104 224
104 234
104 237
104 238
104 293
104 308
104 312
104 355
104 356
104 362
104 374
104 404
104 426
104 427
104 505
104 506
105 12
105 15
105 27
105 29
105 54
105 69
105 95
105 116
105 166
105 167
105 203
105 240
105 248
105 252
105 254
105 281
105 330
105 423
105 431
105 432
105 451
105 470
105 488
105 496
106 24
106 29
106 132
106 147
106 193
106 203
106 274
106 350
106 353
106 418
106 502
107 28
107 33
107 39
107 64
107 109
107 141
107 148
107 172
107 181
107 198
107 200
107 242
107 278
107 305
107 348
107 372
107 376
107 433
107 463
107 485
107 505
108 25
108 37
108 60
108 73
108 82
108 84
108 95
108 112
108 113
108 135
108 171
108 190
108 197
108 198
108 218
108 251
108 255
108 256
108 330
108 335
108 351
108 433
108 456
108 465
108 500
109 52
109 64
109 65
109 90
109 100
109 102
109 106
109 125
109 134
109 140
109 145
109 154
109 159
109 185
109 228
109 253
109 284
109 314
109 356
109 365
109 374
109 397
109 479
109 484
110 73
110 79
110 104
110 152
110 171
110 189
110 192
110 193
110 216
110 241
110 314
110 320
110 334
110 352
110 393
110 429
110 438
110 442
110 446
110 487
111 1
111 11
111 18
111 21
111 33
111 47
111 65
111 79
111 82
111 88
111 115
111 133
111 187
111 193
111 195
111 245
111 267
111 275
111 314
111 353
111 358
111 363
111 434
111 440
111 469
111 482
112 20
112 64
112 65
112 70
112 93
112 110
112 130
112 152
112 157
112 174
112 179
112 206
112 218
112 256
112 274
112 280
112 317
112 415
112 417
112 442
112 452
112 463
112 477
112 482
112 485
112 504
113 25
113 42
113 57
113 74
113 75
113 94
113 126
113 133
113 151
113 172
113 212
113 261
113 296
113 305
113 332
113 358
113 364
113 369
113 379
113 412
113 471
113 507
114 9
114 20
114 44
114 69
114 81
114 83
114 99
114 100
114 130
114 159
114 216
114 230
114 253
114 255
114 263
114 274
114 309
114 314
114 328
114 368
114 379
114 382
114 386
114 389
114 431
114 458
114 466
115 22
115 29
115 57
115 121
115 129
115 133
115 181
115 186
115 192
115 195
115 197
115 213
115 224
115 232
115 247
115 268
115 323
115 357
115 401
115 457
115 472
115 504
116 9
116 14
116 15
116 47
116 54
116 72
116 107
116 120
116 133
116 159
116 182
116 187
116 220
116 234
116 235
116 247
116 272
116 333
116 358
116 397
116 400
116 411
116 419
116 437
116 439
116 449
116 463
117 20
117 32
117 96
117 134
117 141
117 156
117 159
117 193
117 239
117 262
117 279
117 335
117 365
117 376
117 398
117 423
117 432
117 433
117 468
117 474
117 479
117 490
117 505
118 19
118 20
118 35
118 37
118 79
118 129
118 176
118 208
118 211
118 251
118 252
118 264
118 281
118 297
118 300
118 332
118 368
118 375
118 377
118 385
118 418
118 428
118 453
118 467
118 482
118 502
119 37
119 93
119 110
119 116
119 130
119 135
119 160
119 164
119 175
119 193
119 197
119 228
119 250
119 268
119 296
119 297
119 303
119 306
119 317
119 323
119 331
119 332
119 369
119 381
119 393
119 403
119 407
119 444
119 452
119 454
119 465
119 506
119 511
120 27
120 67
120 126
120 127
120 159
120 215
120 226
120 233
120 250
120 260
120 268
120 282
120 326
120 366
120 417
120 460
120 496
121 42
121 101
121 155
121 169
121 201
121 206
121 251
121 266
121 352
121 354
121 389
121 408
121 441
121 444
121 510
122 3
122 12
122 49
122 99
122 117
122 129
122 137
122 152
122 167
122 178
122 195
122 198
122 207
122 279
122 324
122 380
122 386
122 426
122 431
122 437
123 36
123 61
123 81
123 88
123 92
123 114
123 125
123 131
123 141
123 149
123 204
123 212
123 214
123 222
123 229
123 254
123 266
123 308
123 336
123 338
123 360
123 410
123 426
123 435
123 436
123 446
123 489
123 509
124 9
124 22
124 65
124 66
124 93
124 97
124 119
124 150
124 170
124 208
124 221
124 233
124 235
124 261
124 267
124 270
124 315
124 333
124 336
124 338
124 345
124 354
124 363
124 390
124 395
124 401
124 404
124 407
124 507
125 1
125 14
125 18
125 60
125 68
125 74
125 109
125 162
125 240
125 252
125 312
125 328
125 372
125 373
125 389
125 418
126 18
126 67
126 107
126 128
126 159
126 177
126 192
126 194
126 261
126 263
126 321
126 371
126 376
126 411
126 415
126 423
126 429
126 430
126 440
126 471
126 492
126 504
126 507
127 20
127 29
127 42
127 58
127 64
127 78
127 106
127 110
127 113
127 153
127 173
127 181
127 217
127 223
127 242
127 243
127 269
127 384
127 425
127 460
127 493
127 511
128 8
128 31
128 112
128 189
128 195
128 200
128 208
128 226
128 241
128 251
128 256
128 260
128 299
128 334
128 349
128 400
128 405
128 420
128 449
128 460
128 462
128 468
128 473
128 493
128 501
128 505
129 20
129 27
129 30
129 32
129 38
129 78
129 107
129 123
129 144
129 177
129 182
129 186
129 210
129 220
129 227
129 270
129 281
129 324
129 398
129 446
129 481
130 8
130 28
130 31
130 45
130 49
130 57
130 59
130 66
130 79
130 135
130 167
130 232
130 249
130 308
130 350
130 373
130 378
130 405
130 429
130 434
130 467
130 486
130 494
130 498
131 11
131 44
131 99
131 123
131 130
131 169
131 204
131 226
131 276
131 297
131 314
131 334
131 340
131 361
131 375
131 381
131 392
131 404
131 409
131 414
131 454
131 477
131 495
132 44
132 77
132 90
132 106
132 119
132 204
132 226
132 257
132 261
132 264
132 271
132 277
132 291
132 295
132 347
132 356
132 369
132 405
132 426
132 429
132 442
132 475
133 37
133 84
133 89
133 105
133 164
133 167
133 202
133 243
133 245
133 256
133 315
133 345
133 371
133 374
133 378
133 445
133 469
133 508
134 16
134 22
134 137
134 155
134 160
134 213
134 214
134 231
134 232
134 247
134 265
134 341
134 355
134 363
134 368
134 376
134 377
134 409
134 411
134 438
134 449
134 463
134 480
134 500
134 510
135 9
135 38
135 44
135 47
135 56
135 62
135 71
135 114
135 137
135 142
135 183
135 202
135 226
135 256
135 302
135 312
135 324
135 347
135 396
135 405
135 425
135 491
135 503
136 11
136 34
136 61
136 63
136 90
136 105
136 195
136 209
136 226
136 228
136 230
136 253
136 290
136 309
136 399
136 452
136 504
137 33
137 75
137 105
137 134
137 135
137 167
137 183
137 189
137 194
137 229
137 261
137 280
137 289
137 302
137 329
137 336
137 340
137 373
137 376
137 393
137 394
137 396
137 466
137 470
137 471
137 483
137 489
137 497
138 11
138 44
138 55
138 73
138 77
138 83
138 102
138 106
138 117
138 130
138 132
138 166
138 167
138 200
138 207
138 211
138 219
138 279
138 288
138 298
138 318
138 339
138 343
138 366
138 415
138 431
138 437
139 9
139 13
139 32
139 42
139 52
139 84
139 90
139 94
139 164
139 200
139 213
139 229
139 324
139 346
139 377
139 421
139 451
139 473
139 494
139 500
140 31
140 41
140 57
140 61
140 68
140 97
140 99
140 110
140 119
140 123
140 133
140 138
140 145
140 154
140 196
140 209
140 251
140 287
140 306
140 310
140 312
140 370
140 374
140 392
140 410
140 434
140 468
140 471
140 473
140 483
141 20
141 22
141 33
141 40
141 92
141 122
141 139
141 141
141 219
141 237
141 256
141 257
141 309
141 361
141 384
141 397
141 406
141 421
141 440
141 443
141 450
141 452
141 468
141 480
141 488
142 0
142 15
142 33
142 39
142 48
142 107
142 116
142 152
142 156
142 159
142 171
142 199
142 202
142 212
142 221
142 227
142 262
142 319
142 376
142 422
142 478
142 494
142 501
143 7
143 18
143 41
143 51
143 67
143 76
143 94
143 138
143 156
143 187
143 196
143 201
143 216
143 241
143 265
143 312
143 335
143 347
143 353
143 374
143 407
143 411
143 413
143 452
143 494
144 0
144 7
144 19
144 53
144 65
144 96
144 120
144 146
144 158
144 189
144 197
144 228
144 234
144 250
144 306
144 320
144 328
144 370
144 389
144 398
144 416
144 419
144 426
144 429
144 432
144 439
145 5
145 33
145 51
145 64
145 65
145 74
145 83
145 117
145 163
145 185
145 193
145 196
145 258
145 285
145 309
145 352
145 362
145 391
145 401
145 428
145 433
145 448
145 461
145 493
145 504
145 506
146 2
146 63
146 119
146 123
146 155
146 165
146 205
146 207
146 237
146 252
146 258
146 270
146 277
146 285
146 292
146 302
146 331
146 362
146 397
146 433
146 492
146 500
146 504
147 11
147 30
147 42
147 73
147 116
147 119
147 135
147 160
147 182
147 289
147 325
147 336
147 340
147 374
147 398
147 430
147 458
147 492
148 5
148 34
148 49
148 60
148 63
148 109
148 136
148 142
148 145
148 193
148 204
148 221
148 252
148 256
148 338
148 341
148 395
148 448
148 454
148 480
148 486
148 497
149 4
149 26
149 38
149 41
149 61
149 153
149 170
149 209
149 226
149 271
149 273
149 285
149 294
149 325
149 341
149 347
149 421
149 423
149 429
149 442
149 455
149 467
149 473
149 497
150 7
150 62
150 66
150 99
150 103
150 107
150 112
150 158
150 166
150 198
150 229
150 240
150 247
150 283
150 293
150 303
150 312
150 326
150 386
150 419
150 485
151 19
151 27
151 35
151 58
151 66
151 69
151 71
151 92
151 120
151 122
151 148
151 180
151 221
151 232
151 273
151 287
151 306
151 314
151 326
151 361
151 366
151 388
151 401
151 423
151 482
151 496
151 506
152 23
152 26
152 93
152 94
152 121
152 131
152 142
152 177
152 191
152 258
152 319
152 327
152 331
152 372
152 394
152 455
152 463
152 469
152 482
152 501
153 85
153 93
153 97
153 113
153 167
153 172
153 173
153 186
153 332
153 352
153 407
153 433
153 498
154 1
154 19
154 59
154 61
154 91
154 149
154 160
154 164
154 169
154 174
154 191
154 281
154 289
154 292
154 295
154 324
154 339
154 353
154 400
154 440
154 449
154 469
155 12
155 13
155 42
155 69
155 76
155 89
155 91
155 110
155 131
155 162
155 176
155 199
155 243
155 269
155 313
155 330
155 347
155 353
155 385
155 434
155 443
155 457
155 474
155 484
155 511
156 61
156 72
156 96
156 139
156 169
156 172
156 216
156 252
156 253
156 269
156 307
156 333
156 352
156 381
156 392
156 411
156 442
156 446
156 460
156 492
156 499
156 501
156 502
156 509
156 511
157 14
157 35
157 46
157 74
157 86
157 92
157 96
157 99
157 148
157 169
157 198
157 215
157 281
157 321
157 330
157 357
157 358
157 367
157 416
157 438
157 441
157 450
157 470
157 507
158 15
158 24
158 34
158 46
158 51
158 62
158 149
158 159
158 168
158 171
158 182
158 194
158 204
158 212
158 219
158 224
158 226
158 233
158 327
158 343
158 420
158 425
158 459
158 475
158 499
159 5
159 6
159 69
159 104
159 121
159 136
159 148
159 151
159 173
159 256
159 289
159 324
159 327
159 345
159 408
159 461
159 472
160 9
160 66
160 91
160 107
160 115
160 132
160 144
160 165
160 203
160 207
160 209
160 263
160 266
160 278
160 282
160 295
160 306
160 307
160 322
160 398
160 407
160 411
160 412
160 476
160 499
160 504
161 7
161 65
161 92
161 115
161 206
161 238
161 254
161 266
161 351
161 358
161 419
161 423
161 428
161 437
161 467
161 502
161 508
162 17
162 25
162 39
162 81
162 88
162 95
162 225
162 230
162 240
162 242
162 247
162 249
162 259
162 292
162 373
162 377
162 380
162 393
162 401
162 404
162 407
162 429
162 446
162 469
162 481
163 55
163 60
163 72
163 80
163 123
163 128
163 130
163 139
163 154
163 156
163 189
163 193
163 202
163 207
163 209
163 244
163 280
163 286
163 298
163 308
163 311
163 346
163 365
163 366
163 429
163 432
163 439
163 464
163 472
164 15
164 31
164 106
164 192
164 203
164 210
164 279
164 291
164 321
164 336
164 341
164 351
164 375
164 381
164 384
164 414
164 434
164 474
165 101
165 115
165 124
165 148
165 174
165 203
165 213
165 239
165 295
165 304
165 314
165 352
165 403
165 408
165 453
165 462
165 474
165 502
166 1
166 4
166 7
166 26
166 29
166 37
166 50
166 52
166 53
166 217
166 241
166 255
166 272
166 279
166 306
166 314
166 329
166 384
166 431
166 442
166 467
167 36
167 37
167 133
167 147
167 163
167 210
167 259
167 287
167 302
167 312
167 313
167 371
167 403
167 439
167 441
167 442
167 443
167 454
167 479
168 49
168 104
168 125
168 164
168 180
168 316
168 319
168 409
168 412
168 417
168 439
168 445
169 3
169 115
169 131
169 135
169 136
169 144
169 151
169 169
169 175
169 178
169 225
169 226
169 261
169 304
169 308
169 316
169 331
169 338
169 367
169 378
169 383
169 387
169 409
169 434
169 459
169 500
170 5
170 26
170 38
170 58
170 80
170 93
170 103
170 107
170 112
170 115
170 140
170 187
170 227
170 251
170 258
170 269
170 326
170 369
170 375
170 420
170 435
170 445
170 453
170 506
171 26
171 40
171 48
171 53
171 91
171 99
171 132
171 139
171 148
171 164
171 167
171 242
171 247
171 250
171 264
171 281
171 351
171 361
171 392
171 394
171 413
171 414
171 428
171 450
171 468
171 493
172 60
172 78
172 83
172 143
172 158
172 241
172 244
172 253
172 323
172 367
172 398
172 416
172 435
172 441
172 448
172 470
173 0
173 12
173 23
173 39
173 51
173 67
173 69
173 84
173 116
173 122
173 128
173 133
173 177
173 204
173 238
173 264
173 274
173 301
173 333
173 349
173 365
173 378
173 433
173 447
173 462
173 465
173 483
173 492
174 23
174 25
174 98
174 112
174 122
174 194
174 201
174 253
174 259
174 356
174 373
174 377
174 392
174 416
174 442
174 469
174 485
174 487
174 500
174 511
175 12
175 48
175 51
175 82
175 85
175 101
175 111
175 112
175 128
175 145
175 164
175 183
175 199
175 219
175 226
175 272
175 327
175 362
175 363
175 386
175 388
175 492
176 2
176 9
176 23
176 61
176 83
176 123
176 175
176 181
176 207
176 238
176 294
176 297
176 300
176 340
176 358
176 394
176 396
176 413
176 424
176 436
176 463
176 467
176 501
177 12
177 19
177 32
177 52
177 156
177 174
177 175
177 188
177 207
177 224
177 225
177 230
177 246
177 252
177 272
177 355
177 381
177 382
177 395
177 408
177 419
177 482
178 45
178 46
178 49
178 53
178 83
178 85
178 113
178 114
178 120
178 156
178 182
178 216
178 238
178 246
178 277
178 279
178 292
178 293
178 343
178 351
178 370
178 372
178 379
178 388
178 419
178 433
178 436
178 506
179 3
179 43
179 57
179 69
179 119
179 122
179 132
179 143
179 174
179 202
179 225
179 244
179 269
179 274
179 369
179 391
179 421
179 446
179 453
179 474
179 507
180 0
180 10
180 12
180 94
180 142
180 174
180 190
180 223
180 231
180 256
180 313
180 420
180 426
180 489
180 506
181 20
181 25
181 56
181 73
181 82
181 97
181 107
181 159
181 163
181 205
181 251
181 283
181 284
181 329
181 353
181 354
181 390
181 391
181 410
181 414
181 453
181 496
182 1
182 58
182 84
182 95
182 99
182 103
182 115
182 122
182 124
182 136
182 197
182 205
182 215
182 223
182 258
182 280
182 281
182 295
182 302
182 303
182 318
182 338
182 356
182 394
182 411
182 426
182 454
182 479
182 488
182 490
183 9
183 30
183 31
183 82
183 119
183 126
183 136
183 158
183 162
183 187
183 244
183 267
183 270
183 358
183 379
183 381
183 386
183 394
183 442
183 451
183 499
184 17
184 54
184 55
184 165
184 174
184 178
184 185
184 211
184 227
184 262
184 273
184 277
184 298
184 308
184 323
184 329
184 348
184 349
184 364
184 454
184 463
184 464
184 476
184 488
185 8
185 16
185 22
185 35
185 38
185 39
185 65
185 95
185 99
185 153
185 156
185 186
185 282
185 314
185 360
185 372
185 394
185 418
185 431
185 463
185 467
185 485
186 0
186 27
186 30
186 36
186 37
186 44
186 55
186 111
186 118
186 172
186 197
186 198
186 218
186 225
186 226
186 247
186 257
186 304
186 326
186 338
186 353
186 363
186 372
186 464
186 465
186 479
186 499
187 8
187 24
187 38
187 57
187 65
187 119
187 130
187 136
187 170
187 206
187 235
187 237
187 253
187 255
187 257
187 290
187 329
187 371
187 396
187 401
187 420
187 431
187 437
187 449
187 471
187 489
188 19
188 46
188 57
188 75
188 107
188 121
188 145
188 238
188 250
188 277
188 293
188 310
188 320
188 338
188 380
188 456
188 468
188 488
188 511
189 18
189 44
189 102
189 138
189 143
189 160
189 191
189 196
189 204
189 265
189 270
189 274
189 294
189 297
189 303
189 318
189 328
189 339
189 354
189 355
189 369
189 396
189 413
189 438
189 453
189 475
189 476
189 478
189 485
189 490
189 501
190 81
190 121
190 184
190 207
190 220
190 229
190 232
190 266
190 279
190 314
190 344
190 359
190 379
190 396
190 403
190 423
190 460
190 509
191 4
191 76
191 80
191 93
191 156
191 196
191 225
191 270
191 278
191 295
191 304
191 325
191 389
191 393
191 413
191 441
191 452
191 480
192 12
192 19
192 33
192 61
192 81
192 151
192 215
192 218
192 219
192 264
192 267
192 292
192 380
192 381
192 400
192 406
192 414
192 422
192 443
192 468
192 484
193 0
193 31
193 41
193 54
193 138
193 156
193 170
193 174
193 204
193 260
193 310
193 333
193 335
193 338
193 357
193 408
193 441
193 445
194 10
194 107
194 114
194 203
194 207
194 211
194 227
194 251
194 280
194 283
194 336
194 343
194 454
194 478
194 480
195 12
195 19
195 36
195 49
195 50
195 61
195 64
195 68
195 73
195 79
195 127
195 158
195 186
195 198
195 267
195 276
195 305
195 315
195 323
195 325
195 389
195 456
195 493
195 501
196 25
196 120
196 137
196 183
196 226
196 316
196 320
196 321
196 326
196 349
196 395
196 414
196 420
196 425
196 453
196 466
196 467
196 478
196 500
197 10
197 45
197 47
197 56
197 65
197 127
197 132
197 144
197 176
197 178
197 184
197 196
197 304
197 356
197 358
197 361
197 368
197 397
198 34
198 39
198 40
198 58
198 130
198 149
198 158
198 159
198 219
198 220
198 223
198 231
198 240
198 335
198 350
198 363
198 364
198 396
198 405
198 413
198 421
198 422
198 423
198 430
198 461
198 494
199 42
199 75
199 105
199 113
199 121
199 162
199 181
199 187
199 202
199 205
199 214
199 218
199 243
199 260
199 306
199 342
199 353
199 402
199 427
199 459
199 492
200 16
200 31
200 51
200 57
200 78
200 113
200 133
200 135
200 149
200 172
200 179
200 226
200 230
200 234
200 238
200 262
200 281
200 303
200 304
200 322
200 368
200 375
200 395
200 398
200 400
200 405
200 413
200 415
200 416
200 427
200 432
200 453
200 489
200 500
201 13
201 38
201 54
201 55
201 164
201 172
201 177
201 198
201 212
201 233
201 279
201 290
201 311
201 326
201 356
201 417
201 420
201 424
201 437
201 501
202 14
202 23
202 59
202 92
202 95
202 105
202 176
202 221
202 326
202 342
202 350
202 361
202 404
202 469
202 494
202 502
202 505
202 506
203 5
203 58
203 64
203 100
203 118
203 147
203 156
203 171
203 175
203 180
203 239
203 258
203 275
203 341
203 413
203 443
203 444
203 449
203 450
203 465
203 498
203 504
203 509
204 24
204 101
204 117
204 120
204 123
204 137
204 139
204 176
204 178
204 196
204 220
204 222
204 227
204 243
204 299
204 342
204 413
204 459
204 489
204 494
204 504
205 24
205 48
205 63
205 91
205 98
205 104
205 122
205 175
205 178
205 188
205 203
205 223
205 238
205 259
205 280
205 283
205 293
205 307
205 320
205 375
205 409
205 411
205 414
205 424
205 428
205 439
205 455
205 468
205 486
206 13
206 15
206 21
206 54
206 60
206 79
206 86
206 112
206 134
206 140
206 191
206 193
206 263
206 278
206 334
206 346
206 360
206 365
206 366
206 369
206 405
206 408
206 421
206 444
206 446
206 477
206 499
207 2
207 19
207 49
207 53
207 105
207 122
207 145
207 158
207 167
207 180
207 248
207 254
207 262
207 278
207 287
207 295
207 312
207 318
207 337
207 383
207 391
207 442
207 458
207 500
208 20
208 25
208 47
208 91
208 161
208 201
208 247
208 250
208 252
208 254
208 262
208 267
208 290
208 298
208 354
208 377
208 400
208 411
208 426
208 447
208 460
208 465
208 503
209 10
209 19
209 42
209 100
209 109
209 116
209 154
209 168
209 172
209 175
209 178
209 222
209 235
209 284
209 286
209 335
209 343
209 350
209 355
209 363
209 411
209 433
209 435
209 457
210 29
210 53
210 91
210 289
210 332
210 339
210 357
210 404
210 445
210 458
211 33
211 77
211 94
211 160
211 232
211 251
211 253
211 259
211 275
211 286
211 306
211 316
211 329
211 339
211 363
211 372
211 379
211 454
211 460
211 486
211 509
212 11
212 28
212 46
212 69
212 94
212 120
212 189
212 203
212 222
212 237
212 342
212 440
212 458
212 461
212 466
212 498
213 9
213 80
213 86
213 137
213 171
213 196
213 212
213 221
213 259
213 262
213 268
213 279
213 294
213 316
213 397
213 411
213 429
213 439
213 448
213 484
213 502
213 507
213 511
214 24
214 31
214 64
214 69
214 85
214 144
214 178
214 210
214 227
214 251
214 258
214 285
214 301
214 311
214 318
214 335
214 358
214 367
214 371
214 423
214 438
214 443
214 494
215 21
215 37
215 41
215 83
215 104
215 110
215 117
215 148
215 152
215 156
215 186
215 192
215 234
215 269
215 279
215 301
215 306
215 434
215 436
215 465
215 511
216 55
216 68
216 85
216 148
216 192
216 235
216 255
216 293
216 296
216 316
216 318
216 323
216 327
216 343
216 358
216 367
216 374
216 386
216 405
216 426
216 432
216 460
216 477
216 489
217 36
217 78
217 99
217 104
217 122
217 129
217 167
217 169
217 183
217 185
217 186
217 199
217 208
217 253
217 272
217 305
217 313
217 314
217 328
217 390
217 413
217 434
217 443
217 458
217 484
217 485
218 14
218 20
218 27
218 35
218 92
218 107
218 120
218 121
218 174
218 229
218 250
218 260
218 268
218 281
218 287
218 295
218 296
218 298
218 328
218 366
218 371
218 441
218 443
218 460
218 470
219 32
219 44
219 58
219 127
219 183
219 210
219 266
219 294
219 304
219 313
219 316
219 362
219 448
219 457
219 460
219 504
220 4
220 10
220 12
220 22
220 28
220 93
220 105
220 114
220 127
220 131
220 145
220 151
220 159
220 181
220 185
220 194
220 203
220 216
220 243
220 247
220 267
220 284
220 296
220 309
220 383
220 408
220 425
220 428
220 433
220 454
220 463
221 3
221 54
221 72
221 74
221 96
221 160
221 233
221 241
221 263
221 284
221 290
221 305
221 317
221 330
221 344
221 363
221 387
221 394
221 400
221 424
221 476
221 484
221 499
221 511
222 1
222 3
222 4
222 11
222 47
222 57
222 59
222 61
222 62
222 125
222 172
222 179
222 215
222 235
222 247
222 254
222 268
222 287
222 289
222 303
222 320
222 346
222 355
222 370
222 454
222 458
222 492
223 89
223 94
223 106
223 125
223 155
223 168
223 255
223 261
223 267
223 302
223 311
223 313
223 328
223 336
223 344
223 359
223 388
223 413
223 425
223 433
223 488
224 17
224 63
224 84
224 94
224 99
224 139
224 181
224 192
224 224
224 248
224 252
224 278
224 308
224 317
224 318
224 320
224 375
224 426
224 447
225 19
225 26
225 54
225 103
225 110
225 160
225 182
225 217
225 227
225 233
225 234
225 245
225 258
225 284
225 315
225 329
225 407
225 417
225 425
225 436
225 441
225 445
225 458
225 481
226 7
226 12
226 39
226 47
226 49
226 170
226 204
226 211
226 215
226 233
226 252
226 324
226 351
226 354
226 379
226 392
226 408
226 415
226 417
226 427
226 451
226 476
227 2
227 33
227 50
227 91
227 117
227 126
227 148
227 173
227 212
227 228
227 274
227 282
227 292
227 375
227 414
227 443
227 451
227 457
227 485
228 17
228 67
228 99
228 101
228 152
228 157
228 159
228 161
228 176
228 195
228 209
228 273
228 280
228 287
228 337
228 414
228 466
228 469
228 473
228 476
228 501
229 7
229 34
229 46
229 50
229 64
229 76
229 101
229 123
229 136
229 166
229 179
229 189
229 367
229 377
229 381
229 416
229 456
229 462
229 472
229 500
230 16
230 60
230 101
230 136
230 160
230 187
230 198
230 205
230 212
230 222
230 238
230 240
230 276
230 302
230 304
230 309
230 319
230 323
230 346
230 361
230 366
230 388
230 409
230 427
230 430
230 432
230 464
230 500
230 511
231 66
231 74
231 87
231 93
231 101
231 118
231 143
231 167
231 187
231 204
231 218
231 221
231 251
231 300
231 305
231 316
231 333
231 342
231 349
231 386
231 392
231 394
231 408
231 434
231 489
232 3
232 10
232 12
232 26
232 39
232 77
232 78
232 96
232 107
232 113
232 114
232 126
232 168
232 171
232 177
232 194
232 253
232 293
232 373
232 385
232 434
232 473
232 475
232 482
232 495
233 0
233 90
233 112
233 122
233 156
233 197
233 217
233 239
233 240
233 281
233 284
233 304
233 335
233 345
233 357
233 381
233 388
233 414
233 423
233 434
233 448
233 453
233 503
234 24
234 31
234 32
234 49
234 55
234 73
234 104
234 105
234 107
234 132
234 150
234 156
234 159
234 224
234 229
234 235
234 245
234 248
234 263
234 299
234 313
234 373
234 433
234 448
234 462
234 468
234 474
234 491
234 494
235 2
235 11
235 22
235 24
235 45
235 131
235 144
235 148
235 151
235 177
235 255
235 324
235 334
235 360
235 372
235 398
235 413
235 472
235 496
235 497
235 507
236 10
236 22
236 46
236 101
236 142
236 159
236 178
236 220
236 284
236 300
236 327
236 328
236 367
236 397
236 417
236 436
236 442
236 443
236 451
236 455
236 511
237 5
237 42
237 52
237 82
237 90
237 116
237 128
237 140
237 159
237 177
237 192
237 207
237 225
237 251
237 262
237 276
237 287
237 292
237 310
237 324
237 358
237 411
237 448
237 460
237 477
237 487
237 505
238 49
238 89
238 95
238 122
238 131
238 135
238 214
238 236
238 243
238 276
238 294
238 326
238 337
238 386
238 391
238 437
238 445
238 506
238 511
239 19
239 62
239 65
239 118
239 180
239 190
239 201
239 207
239 220
239 297
239 308
239 327
239 328
239 333
239 360
239 377
239 398
239 406
240 26
240 43
240 137
240 210
240 267
240 289
240 355
240 394
240 398
240 419
240 424
240 436
240 441
240 457
240 485
240 499
241 31
241 48
241 51
241 54
241 85
241 103
241 148
241 167
241 189
241 213
241 226
241 253
241 272
241 280
241 297
241 325
241 351
241 369
241 382
241 383
241 391
241 412
241 451
241 467
241 477
242 43
242 81
242 95
242 115
242 127
242 140
242 145
242 150
242 199
242 202
242 219
242 234
242 245
242 288
242 297
242 313
242 315
242 337
242 353
242 376
242 396
242 412
242 499
243 1
243 22
243 54
243 75
243 79
243 86
243 88
243 124
243 196
243 214
243 250
243 268
243 295
243 309
243 316
243 346
243 353
243 365
244 120
244 202
244 254
244 275
244 285
244 292
244 302
244 322
244 342
244 355
244 410
244 448
244 451
244 475
244 509
245 20
245 52
245 60
245 70
245 76
245 80
245 85
245 129
245 140
245 169
245 186
245 225
245 235
245 237
245 270
245 299
245 307
245 348
245 403
245 426
245 451
245 470
245 481
245 482
245 489
245 496
246 7
246 20
246 31
246 44
246 101
246 102
246 113
246 127
246 128
246 143
246 163
246 179
246 182
246 193
246 224
246 271
246 274
246 307
246 321
246 355
246 360
246 383
246 448
246 474
247 11
247 49
247 60
247 86
247 97
247 122
247 123
247 129
247 146
247 155
247 169
247 177
247 226
247 271
247 275
247 309
247 331
247 334
247 339
247 342
247 378
247 386
247 430
247 452
247 460
247 471
247 483
247 488
248 3
248 9
248 13
248 39
248 54
248 84
248 91
248 95
248 117
248 125
248 168
248 196
248 223
248 230
248 237
248 258
248 279
248 318
248 428
248 476
248 492
249 0
249 8
249 21
249 27
249 30
249 43
249 53
249 54
249 78
249 79
249 81
249 84
249 91
249 105
249 153
249 199
249 205
249 218
249 237
249 269
249 299
249 335
249 368
249 465
249 466
250 3
250 13
250 20
250 26
250 53
250 100
250 118
250 137
250 154
250 162
250 173
250 185
250 191
250 201
250 218
250 223
250 226
250 336
250 372
250 385
250 457
250 466
250 468
250 491
251 33
251 53
251 73
251 77
251 111
251 116
251 164
251 179
251 193
251 208
251 211
251 226
251 234
251 257
251 266
251 276
251 287
251 320
251 338
251 342
251 364
251 400
251 470
251 476
251 481
251 495
252 101
252 108
252 118
252 150
252 168
252 176
252 197
252 240
252 330
252 351
252 449
252 496
252 499
252 507
253 33
253 87
253 120
253 122
253 187
253 192
253 223
253 254
253 260
253 292
253 314
253 358
253 372
253 426
253 491
254 36
254 39
254 40
254 88
254 178
254 257
254 321
254 323
254 337
254 341
254 342
254 345
254 356
254 397
254 410
254 431
254 442
254 443
254 500
255 5
255 13
255 18
255 69
255 144
255 165
255 246
255 262
255 287
255 316
255 343
255 379
255 388
255 389
255 390
255 449
255 484
256 44
256 80
256 86
256 92
256 98
256 103
256 172
256 212
256 223
256 226
256 235
256 247
256 264
256 272
256 278
256 312
256 313
256 371
256 381
256 385
256 396
256 404
256 407
256 423
256 441
256 481
