0 0
0 1
0 2
0 3
0 4
0 5
0 6
0 7
0 8
0 9
0 10
0 11
0 12
0 13
0 14
0 15
0 16
0 17
0 18
0 19
0 20
0 21
0 22
0 26
0 27
0 28
0 33
0 34
0 35
0 36
0 37
0 43
0 44
0 50
0 52
0 54
0 58
0 59
0 60
0 68
0 69
0 74
0 84
0 86
0 89
0 92
0 112
0 164
0 172
0 178
0 181
0 184
0 186
0 205
0 208
0 210
0 211
0 213
0 214
0 215
0 216
0 223
0 224
0 226
0 228
0 229
0 230
0 231
0 232
0 234
0 235
0 237
0 238
0 239
0 241
0 242
0 243
0 244
0 245
0 246
0 247
0 248
0 249
0 250
0 251
0 252
0 253
0 254
0 255
1 0
1 1
1 2
1 3
1 4
1 5
1 6
1 7
1 8
1 9
1 10
1 11
1 12
1 13
1 14
1 15
1 16
1 17
1 18
1 20
1 21
1 22
1 24
1 35
1 39
1 41
1 42
1 43
1 44
1 46
1 47
1 53
1 57
1 58
1 66
1 67
1 68
1 73
1 91
1 96
1 111
1 113
1 124
1 168
1 178
1 187
1 194
1 203
1 204
1 205
1 206
1 209
1 211
1 215
1 216
1 220
1 222
1 225
1 226
1 228
1 229
1 232
1 233
1 234
1 235
1 236
1 237
1 239
1 240
1 241
1 242
1 243
1 244
1 245
1 246
1 247
1 248
1 249
1 250
1 251
1 252
1 253
1 254
1 255
2 0
2 1
2 2
2 3
2 4
2 5
2 6
2 7
2 8
2 9
2 10
2 11
2 12
2 13
2 14
2 15
2 16
2 17
2 20
2 22
2 25
2 26
2 27
2 32
2 35
2 36
2 37
2 38
2 39
2 41
2 45
2 46
2 48
2 49
2 50
2 51
2 52
2 56
2 66
2 78
2 82
2 115
2 126
2 143
2 149
2 166
2 174
2 176
2 182
2 193
2 198
2 200
2 201
2 211
2 216
2 217
2 218
2 220
2 221
2 222
2 226
2 228
2 229
2 230
2 231
2 232
2 233
2 235
2 236
2 237
2 238
2 239
2 240
2 241
2 242
2 243
2 244
2 245
2 246
2 247
2 248
2 249
2 250
2 251
2 252
2 253
2 254
2 255
3 0
3 1
3 2
3 3
3 4
3 5
3 6
3 7
3 8
3 9
3 10
3 11
3 12
3 13
3 14
3 16
3 17
3 18
3 20
3 21
3 23
3 24
3 26
3 27
3 28
3 29
3 30
3 32
3 36
3 37
3 40
3 42
3 44
3 46
3 47
3 48
3 49
3 52
3 59
3 60
3 64
3 67
3 68
3 69
3 72
3 73
3 79
3 80
3 83
3 87
3 89
3 92
3 110
3 149
3 164
3 166
3 178
3 188
3 194
3 196
3 200
3 202
3 208
3 209
3 211
3 214
3 216
3 217
3 218
3 219
3 223
3 225
3 226
3 227
3 228
3 230
3 231
3 233
3 234
3 236
3 237
3 238
3 239
3 240
3 241
3 242
3 243
3 244
3 245
3 246
3 247
3 248
3 249
3 250
3 251
3 252
3 253
3 254
3 255
4 0
4 1
4 2
4 3
4 4
4 5
4 6
4 7
4 8
4 9
4 10
4 11
4 12
4 13
4 14
4 15
4 16
4 17
4 18
4 20
4 21
4 22
4 25
4 26
4 27
4 28
4 33
4 35
4 36
4 37
4 38
4 39
4 49
4 56
4 57
4 68
4 69
4 74
4 82
4 83
4 110
4 144
4 148
4 156
4 157
4 163
4 169
4 170
4 194
4 197
4 210
4 214
4 215
4 217
4 219
4 223
4 225
4 227
4 228
4 229
4 232
4 233
4 238
4 239
4 240
4 241
4 242
4 243
4 244
4 245
4 246
4 247
4 248
4 249
4 250
4 251
4 252
4 253
4 254
4 255
5 0
5 1
5 2
5 3
5 4
5 5
5 6
5 7
5 8
5 9
5 10
5 11
5 12
5 13
5 14
5 15
5 17
5 18
5 19
5 20
5 21
5 22
5 23
5 24
5 25
5 26
5 28
5 29
5 31
5 32
5 35
5 36
5 37
5 38
5 40
5 43
5 49
5 52
5 61
5 62
5 69
5 77
5 79
5 81
5 84
5 85
5 87
5 95
5 107
5 154
5 177
5 181
5 186
5 188
5 189
5 190
5 191
5 195
5 199
5 205
5 208
5 209
5 213
5 219
5 220
5 221
5 223
5 228
5 230
5 232
5 233
5 234
5 236
5 237
5 241
5 242
5 243
5 244
5 245
5 246
5 247
5 248
5 249
5 250
5 251
5 252
5 253
5 254
5 255
6 0
6 1
6 2
6 3
6 4
6 5
6 6
6 7
6 8
6 9
6 10
6 11
6 12
6 13
6 14
6 18
6 19
6 23
6 25
6 26
6 27
6 29
6 30
6 33
6 38
6 39
6 40
6 41
6 44
6 46
6 62
6 73
6 76
6 88
6 96
6 100
6 115
6 128
6 150
6 177
6 179
6 183
6 186
6 190
6 193
6 197
6 201
6 203
6 204
6 209
6 210
6 212
6 215
6 217
6 218
6 221
6 222
6 223
6 225
6 227
6 228
6 231
6 234
6 235
6 236
6 237
6 238
6 239
6 240
6 241
6 242
6 243
6 244
6 245
6 246
6 247
6 248
6 249
6 250
6 251
6 252
6 253
6 254
6 255
7 0
7 1
7 2
7 3
7 4
7 5
7 6
7 7
7 8
7 9
7 10
7 11
7 12
7 13
7 14
7 15
7 16
7 17
7 18
7 19
7 20
7 22
7 23
7 25
7 27
7 30
7 32
7 34
7 35
7 38
7 40
7 41
7 44
7 50
7 51
7 52
7 56
7 58
7 61
7 67
7 85
7 86
7 87
7 88
7 123
7 131
7 135
7 139
7 148
7 163
7 168
7 173
7 174
7 183
7 194
7 195
7 197
7 199
7 204
7 215
7 216
7 218
7 221
7 222
7 224
7 228
7 229
7 230
7 232
7 233
7 235
7 237
7 240
7 242
7 243
7 244
7 245
7 246
7 247
7 248
7 249
7 250
7 251
7 252
7 253
7 254
7 255
8 0
8 1
8 2
8 3
8 4
8 5
8 6
8 7
8 8
8 9
8 10
8 11
8 12
8 13
8 15
8 16
8 18
8 19
8 20
8 24
8 25
8 26
8 28
8 29
8 30
8 33
8 34
8 36
8 41
8 47
8 52
8 53
8 59
8 69
8 76
8 80
8 83
8 146
8 178
8 181
8 182
8 184
8 186
8 188
8 191
8 192
8 196
8 199
8 200
8 208
8 209
8 211
8 214
8 216
8 218
8 219
8 222
8 225
8 226
8 227
8 229
8 230
8 231
8 233
8 234
8 236
8 237
8 238
8 240
8 241
8 243
8 244
8 245
8 246
8 247
8 248
8 249
8 250
8 251
8 252
8 253
8 254
8 255
9 0
9 1
9 2
9 3
9 4
9 5
9 6
9 7
9 8
9 9
9 10
9 11
9 12
9 13
9 14
9 15
9 17
9 19
9 20
9 21
9 24
9 25
9 26
9 27
9 29
9 32
9 41
9 44
9 45
9 46
9 47
9 48
9 49
9 55
9 57
9 61
9 63
9 64
9 71
9 74
9 79
9 81
9 84
9 86
9 89
9 90
9 112
9 114
9 132
9 169
9 177
9 178
9 189
9 198
9 203
9 205
9 207
9 213
9 215
9 218
9 220
9 222
9 224
9 225
9 226
9 230
9 231
9 232
9 233
9 235
9 238
9 239
9 240
9 241
9 242
9 243
9 244
9 245
9 246
9 247
9 248
9 249
9 250
9 251
9 252
9 253
9 254
9 255
10 0
10 1
10 2
10 3
10 4
10 5
10 6
10 7
10 8
10 9
10 10
10 11
10 12
10 14
10 15
10 19
10 20
10 21
10 22
10 23
10 24
10 27
10 31
10 32
10 33
10 37
10 38
10 40
10 43
10 46
10 50
10 53
10 60
10 61
10 64
10 65
10 66
10 67
10 70
10 72
10 76
10 96
10 101
10 104
10 109
10 111
10 138
10 140
10 142
10 157
10 172
10 174
10 184
10 187
10 191
10 193
10 194
10 198
10 201
10 202
10 207
10 209
10 210
10 219
10 220
10 227
10 228
10 230
10 233
10 234
10 236
10 238
10 240
10 244
10 245
10 246
10 247
10 248
10 249
10 250
10 251
10 252
10 253
10 254
10 255
11 0
11 1
11 2
11 3
11 4
11 5
11 6
11 7
11 8
11 9
11 10
11 11
11 12
11 13
11 16
11 17
11 20
11 23
11 26
11 29
11 30
11 31
11 36
11 39
11 40
11 41
11 42
11 46
11 49
11 50
11 51
11 53
11 54
11 62
11 68
11 77
11 78
11 79
11 81
11 86
11 87
11 102
11 120
11 123
11 135
11 140
11 152
11 153
11 181
11 190
11 192
11 198
11 200
11 201
11 209
11 212
11 215
11 218
11 221
11 222
11 223
11 227
11 229
11 232
11 235
11 236
11 237
11 239
11 240
11 241
11 242
11 244
11 245
11 246
11 247
11 248
11 249
11 250
11 251
11 252
11 253
11 254
11 255
12 0
12 1
12 2
12 3
12 4
12 5
12 6
12 7
12 8
12 9
12 10
12 11
12 12
12 13
12 14
12 16
12 17
12 18
12 20
12 21
12 22
12 25
12 28
12 29
12 30
12 31
12 32
12 33
12 34
12 35
12 36
12 38
12 51
12 63
12 75
12 76
12 79
12 80
12 91
12 110
12 136
12 139
12 145
12 157
12 158
12 161
12 163
12 168
12 192
12 196
12 199
12 200
12 204
12 205
12 208
12 211
12 212
12 224
12 225
12 227
12 229
12 232
12 237
12 238
12 239
12 240
12 241
12 242
12 243
12 244
12 245
12 246
12 247
12 248
12 249
12 250
12 251
12 252
12 253
12 254
12 255
13 0
13 1
13 2
13 3
13 4
13 5
13 6
13 7
13 9
13 10
13 12
13 13
13 14
13 15
13 16
13 18
13 20
13 21
13 22
13 23
13 27
13 30
13 39
13 49
13 50
13 54
13 62
13 74
13 76
13 83
13 95
13 99
13 119
13 131
13 140
13 146
13 153
13 161
13 166
13 172
13 180
13 191
13 194
13 198
13 203
13 204
13 206
13 213
13 217
13 219
13 220
13 221
13 227
13 228
13 232
13 237
13 238
13 239
13 240
13 241
13 242
13 243
13 246
13 247
13 248
13 249
13 250
13 251
13 252
13 253
13 254
13 255
14 0
14 1
14 2
14 3
14 4
14 5
14 6
14 10
14 11
14 12
14 14
14 15
14 16
14 17
14 18
14 19
14 21
14 22
14 23
14 24
14 25
14 26
14 27
14 32
14 33
14 34
14 35
14 36
14 37
14 45
14 48
14 51
14 55
14 65
14 83
14 102
14 104
14 131
14 132
14 142
14 143
14 149
14 152
14 162
14 176
14 178
14 185
14 192
14 193
14 198
14 206
14 208
14 214
14 215
14 216
14 218
14 219
14 221
14 223
14 224
14 230
14 231
14 233
14 236
14 237
14 239
14 240
14 243
14 245
14 246
14 247
14 248
14 249
14 250
14 251
14 252
14 253
14 254
14 255
15 0
15 2
15 3
15 4
15 5
15 6
15 7
15 8
15 9
15 10
15 11
15 12
15 14
15 15
15 16
15 17
15 19
15 20
15 21
15 22
15 23
15 25
15 26
15 27
15 29
15 30
15 31
15 36
15 38
15 43
15 47
15 50
15 52
15 65
15 75
15 77
15 86
15 87
15 89
15 95
15 113
15 114
15 117
15 121
15 156
15 166
15 174
15 179
15 182
15 193
15 194
15 197
15 198
15 212
15 215
15 220
15 223
15 224
15 227
15 228
15 229
15 237
15 240
15 241
15 242
15 243
15 246
15 247
15 248
15 249
15 250
15 251
15 252
15 253
15 254
15 255
16 1
16 4
16 5
16 6
16 7
16 8
16 9
16 10
16 12
16 13
16 14
16 15
16 16
16 17
16 18
16 20
16 21
16 22
16 23
16 26
16 27
16 30
16 32
16 37
16 40
16 43
16 44
16 49
16 52
16 55
16 59
16 61
16 77
16 78
16 80
16 83
16 92
16 102
16 106
16 153
16 162
16 166
16 167
16 173
16 175
16 177
16 194
16 197
16 200
16 214
16 215
16 216
16 221
16 227
16 228
16 229
16 231
16 233
16 234
16 235
16 237
16 239
16 241
16 242
16 243
16 244
16 247
16 248
16 249
16 250
16 251
16 252
16 254
16 255
17 0
17 1
17 4
17 5
17 6
17 8
17 9
17 10
17 11
17 12
17 13
17 14
17 16
17 17
17 18
17 20
17 22
17 23
17 25
17 28
17 34
17 35
17 50
17 51
17 58
17 62
17 79
17 88
17 91
17 123
17 156
17 158
17 159
17 162
17 170
17 181
17 184
17 188
17 197
17 200
17 206
17 209
17 211
17 213
17 217
17 219
17 220
17 225
17 226
17 227
17 228
17 231
17 232
17 235
17 236
17 237
17 239
17 240
17 241
17 242
17 244
17 246
17 247
17 248
17 249
17 250
17 251
17 252
17 254
18 0
18 1
18 2
18 4
18 10
18 12
18 13
18 14
18 16
18 17
18 18
18 19
18 20
18 24
18 25
18 26
18 27
18 28
18 33
18 36
18 37
18 38
18 44
18 45
18 46
18 51
18 58
18 60
18 63
18 69
18 70
18 74
18 91
18 107
18 109
18 110
18 125
18 151
18 154
18 163
18 167
18 172
18 174
18 175
18 177
18 189
18 193
18 194
18 201
18 204
18 208
18 209
18 210
18 211
18 215
18 218
18 224
18 225
18 226
18 230
18 231
18 233
18 236
18 238
18 240
18 242
18 243
18 245
18 246
18 249
18 250
18 253
18 254
18 255
19 0
19 2
19 3
19 5
19 6
19 7
19 9
19 10
19 13
19 14
19 15
19 16
19 17
19 19
19 20
19 21
19 23
19 24
19 25
19 27
19 30
19 32
19 33
19 34
19 40
19 42
19 43
19 45
19 48
19 52
19 55
19 56
19 67
19 69
19 72
19 73
19 82
19 84
19 87
19 88
19 90
19 91
19 115
19 142
19 143
19 164
19 166
19 167
19 179
19 184
19 186
19 189
19 191
19 196
19 198
19 199
19 201
19 207
19 208
19 211
19 212
19 214
19 215
19 220
19 224
19 225
19 226
19 228
19 230
19 233
19 235
19 236
19 238
19 239
19 241
19 242
19 243
19 244
19 245
19 248
19 251
19 253
19 255
20 1
20 4
20 5
20 8
20 10
20 11
20 12
20 13
20 14
20 16
20 18
20 19
20 20
20 21
20 23
20 27
20 30
20 31
20 36
20 46
20 47
20 48
20 55
20 62
20 65
20 68
20 71
20 93
20 107
20 114
20 117
20 133
20 139
20 152
20 158
20 160
20 173
20 176
20 180
20 184
20 186
20 188
20 190
20 196
20 203
20 205
20 210
20 214
20 219
20 220
20 221
20 225
20 228
20 230
20 231
20 233
20 236
20 240
20 242
20 243
20 245
20 246
20 248
20 249
20 250
20 252
20 253
20 254
20 255
21 1
21 2
21 6
21 8
21 9
21 10
21 13
21 17
21 18
21 20
21 22
21 23
21 27
21 29
21 30
21 31
21 32
21 33
21 34
21 36
21 39
21 45
21 46
21 49
21 58
21 63
21 73
21 74
21 86
21 88
21 90
21 130
21 142
21 156
21 160
21 162
21 164
21 170
21 176
21 177
21 183
21 185
21 188
21 193
21 197
21 198
21 202
21 204
21 211
21 216
21 219
21 221
21 225
21 230
21 238
21 241
21 242
21 246
21 247
21 249
21 251
21 252
21 253
21 255
22 0
22 1
22 2
22 8
22 9
22 11
22 13
22 14
22 16
22 18
22 22
22 27
22 28
22 29
22 34
22 36
22 37
22 38
22 50
22 51
22 53
22 64
22 67
22 78
22 82
22 96
22 105
22 109
22 158
22 167
22 168
22 176
22 181
22 183
22 187
22 188
22 193
22 201
22 205
22 206
22 217
22 220
22 224
22 226
22 228
22 232
22 234
22 235
22 240
22 241
22 244
22 251
22 252
22 253
22 254
23 2
23 3
23 7
23 8
23 11
23 13
23 17
23 20
23 21
23 24
23 25
23 26
23 27
23 30
23 32
23 34
23 35
23 36
23 37
23 39
23 44
23 45
23 48
23 49
23 67
23 70
23 88
23 94
23 108
23 109
23 134
23 149
23 192
23 199
23 202
23 207
23 214
23 218
23 220
23 221
23 222
23 224
23 225
23 226
23 228
23 229
23 231
23 233
23 234
23 237
23 238
23 239
23 240
23 241
23 243
23 247
23 250
23 251
23 253
23 254
24 0
24 1
24 3
24 5
24 7
24 8
24 9
24 10
24 11
24 12
24 13
24 14
24 16
24 17
24 18
24 19
24 20
24 21
24 22
24 29
24 31
24 33
24 35
24 36
24 37
24 42
24 43
24 45
24 47
24 49
24 53
24 54
24 62
24 64
24 66
24 74
24 80
24 83
24 84
24 87
24 90
24 92
24 98
24 125
24 140
24 143
24 145
24 146
24 159
24 168
24 177
24 178
24 179
24 191
24 193
24 197
24 205
24 206
24 208
24 209
24 210
24 211
24 212
24 215
24 219
24 220
24 221
24 225
24 226
24 227
24 228
24 229
24 230
24 231
24 238
24 242
24 244
24 245
24 246
24 247
24 249
24 250
24 251
24 255
25 1
25 2
25 5
25 6
25 8
25 11
25 13
25 14
25 15
25 16
25 17
25 22
25 23
25 27
25 28
25 29
25 32
25 34
25 37
25 41
25 46
25 53
25 55
25 58
25 64
25 65
25 68
25 82
25 84
25 90
25 108
25 155
25 157
25 160
25 164
25 173
25 174
25 176
25 196
25 197
25 205
25 206
25 207
25 213
25 215
25 219
25 223
25 224
25 225
25 228
25 230
25 231
25 232
25 233
25 234
25 236
25 238
25 239
25 240
25 242
25 243
25 245
25 249
25 251
25 253
25 254
26 4
26 5
26 6
26 8
26 9
26 11
26 12
26 14
26 16
26 22
26 24
26 26
26 27
26 28
26 29
26 32
26 37
26 41
26 47
26 50
26 51
26 58
26 60
26 61
26 63
26 88
26 132
26 143
26 156
26 172
26 176
26 182
26 191
26 195
26 196
26 200
26 205
26 206
26 212
26 217
26 219
26 221
26 222
26 223
26 233
26 236
26 238
26 240
26 246
26 247
26 248
26 249
26 251
26 252
26 255
27 0
27 1
27 3
27 5
27 6
27 7
27 8
27 10
27 12
27 13
27 14
27 15
27 17
27 21
27 29
27 32
27 33
27 35
27 45
27 48
27 54
27 55
27 56
27 58
27 61
27 72
27 76
27 77
27 122
27 125
27 137
27 150
27 159
27 162
27 173
27 177
27 191
27 192
27 193
27 196
27 198
27 199
27 201
27 202
27 211
27 215
27 218
27 219
27 224
27 230
27 233
27 234
27 235
27 237
27 239
27 240
27 242
27 243
27 244
27 248
27 249
27 250
27 252
28 0
28 1
28 3
28 5
28 6
28 7
28 8
28 9
28 10
28 12
28 15
28 17
28 19
28 20
28 23
28 26
28 27
28 31
28 34
28 36
28 39
28 40
28 43
28 47
28 51
28 58
28 60
28 61
28 68
28 70
28 81
28 90
28 93
28 94
28 95
28 97
28 103
28 123
28 167
28 173
28 188
28 197
28 206
28 207
28 209
28 213
28 218
28 223
28 224
28 226
28 227
28 230
28 234
28 235
28 237
28 238
28 239
28 242
28 246
28 247
28 248
28 250
28 254
29 1
29 2
29 3
29 8
29 9
29 11
29 13
29 15
29 20
29 21
29 22
29 24
29 25
29 26
29 31
29 32
29 33
29 34
29 35
29 39
29 42
29 46
29 49
29 51
29 54
29 55
29 56
29 57
29 58
29 60
29 66
29 75
29 81
29 88
29 89
29 97
29 98
29 112
29 142
29 143
29 160
29 178
29 186
29 201
29 204
29 206
29 208
29 211
29 215
29 217
29 218
29 220
29 222
29 223
29 224
29 227
29 228
29 234
29 236
29 237
29 238
29 241
29 249
29 251
29 252
29 253
29 255
30 1
30 6
30 7
30 8
30 9
30 11
30 12
30 14
30 16
30 17
30 18
30 25
30 27
30 34
30 38
30 40
30 46
30 48
30 55
30 59
30 62
30 63
30 65
30 72
30 79
30 80
30 82
30 139
30 160
30 185
30 188
30 196
30 198
30 205
30 207
30 209
30 213
30 214
30 217
30 224
30 226
30 229
30 230
30 233
30 242
30 243
30 244
30 245
30 249
30 250
30 251
30 252
30 253
31 0
31 2
31 3
31 4
31 5
31 7
31 8
31 9
31 10
31 11
31 14
31 24
31 25
31 26
31 31
31 33
31 36
31 40
31 43
31 45
31 47
31 48
31 57
31 62
31 63
31 64
31 69
31 73
31 77
31 93
31 106
31 110
31 114
31 131
31 132
31 150
31 158
31 172
31 173
31 174
31 179
31 200
31 202
31 209
31 217
31 221
31 228
31 230
31 236
31 238
31 239
31 240
31 241
31 242
31 244
31 246
31 247
31 249
31 252
31 254
32 0
32 1
32 2
32 3
32 5
32 6
32 8
32 9
32 11
32 13
32 17
32 18
32 31
32 36
32 40
32 41
32 42
32 50
32 54
32 56
32 63
32 67
32 68
32 83
32 90
32 91
32 99
32 125
32 167
32 179
32 190
32 200
32 207
32 208
32 211
32 215
32 217
32 218
32 219
32 220
32 221
32 227
32 232
32 234
32 238
32 239
32 244
32 246
32 250
32 253
32 254
32 255
33 4
33 5
33 6
33 7
33 9
33 17
33 22
33 30
33 31
33 32
33 33
33 34
33 35
33 36
33 40
33 42
33 44
33 47
33 61
33 67
33 71
33 74
33 80
33 82
33 86
33 89
33 98
33 102
33 104
33 120
33 126
33 159
33 182
33 185
33 191
33 194
33 198
33 206
33 209
33 210
33 217
33 225
33 226
33 229
33 231
33 235
33 238
33 239
33 241
33 243
33 249
33 250
33 251
33 252
33 253
33 255
34 0
34 2
34 3
34 4
34 5
34 8
34 9
34 11
34 13
34 18
34 20
34 23
34 25
34 27
34 32
34 36
34 42
34 43
34 63
34 83
34 98
34 106
34 113
34 155
34 163
34 171
34 174
34 178
34 191
34 193
34 198
34 200
34 202
34 206
34 209
34 213
34 223
34 226
34 227
34 242
34 244
34 245
34 249
34 250
34 252
34 253
34 254
35 0
35 1
35 4
35 6
35 9
35 10
35 11
35 13
35 14
35 15
35 17
35 19
35 20
35 22
35 23
35 26
35 32
35 34
35 35
35 40
35 44
35 46
35 48
35 49
35 52
35 54
35 55
35 58
35 72
35 92
35 95
35 96
35 118
35 159
35 173
35 176
35 182
35 188
35 189
35 193
35 206
35 207
35 223
35 224
35 226
35 227
35 230
35 239
35 241
35 243
35 247
35 249
35 251
35 252
35 255
36 1
36 3
36 6
36 8
36 9
36 13
36 16
36 21
36 25
36 29
36 31
36 32
36 33
36 36
36 42
36 46
36 47
36 48
36 49
36 55
36 58
36 59
36 62
36 63
36 77
36 81
36 140
36 149
36 164
36 202
36 204
36 208
36 211
36 213
36 214
36 215
36 216
36 218
36 227
36 230
36 232
36 233
36 234
36 237
36 238
36 240
36 242
36 244
36 247
36 249
36 250
36 251
36 255
37 0
37 2
37 3
37 5
37 6
37 14
37 16
37 18
37 21
37 29
37 31
37 35
37 36
37 39
37 44
37 46
37 48
37 50
37 51
37 54
37 56
37 58
37 59
37 64
37 73
37 75
37 76
37 115
37 120
37 121
37 146
37 167
37 170
37 178
37 194
37 198
37 204
37 206
37 217
37 220
37 221
37 225
37 228
37 231
37 232
37 235
37 236
37 238
37 239
37 242
37 243
37 249
37 255
38 1
38 2
38 3
38 6
38 8
38 9
38 10
38 12
38 13
38 14
38 15
38 22
38 26
38 27
38 29
38 32
38 35
38 36
38 38
38 41
38 42
38 44
38 47
38 49
38 61
38 65
38 72
38 75
38 106
38 114
38 116
38 157
38 169
38 173
38 182
38 186
38 187
38 198
38 200
38 201
38 219
38 220
38 221
38 223
38 225
38 228
38 235
38 236
38 238
38 239
38 244
38 248
38 249
38 250
38 251
39 1
39 5
39 6
39 7
39 9
39 14
39 18
39 20
39 21
39 24
39 29
39 34
39 38
39 46
39 52
39 54
39 65
39 66
39 74
39 83
39 86
39 87
39 99
39 106
39 155
39 164
39 172
39 174
39 181
39 192
39 195
39 201
39 213
39 214
39 215
39 216
39 221
39 224
39 226
39 227
39 230
39 231
39 235
39 237
39 238
39 239
39 243
39 244
39 245
39 247
39 250
39 253
40 0
40 2
40 4
40 5
40 12
40 13
40 15
40 18
40 19
40 22
40 24
40 29
40 30
40 34
40 36
40 37
40 53
40 55
40 59
40 72
40 152
40 158
40 163
40 165
40 167
40 179
40 187
40 188
40 189
40 196
40 201
40 203
40 210
40 216
40 217
40 218
40 219
40 220
40 225
40 226
40 229
40 230
40 231
40 236
40 238
40 243
40 244
40 248
40 254
41 2
41 4
41 7
41 8
41 10
41 18
41 20
41 21
41 26
41 27
41 32
41 33
41 45
41 47
41 48
41 52
41 58
41 59
41 67
41 69
41 78
41 96
41 130
41 168
41 176
41 177
41 181
41 205
41 209
41 215
41 217
41 222
41 225
41 229
41 232
41 234
41 237
41 239
41 241
41 242
41 244
41 249
41 250
41 254
41 255
42 0
42 2
42 3
42 8
42 10
42 13
42 16
42 17
42 19
42 20
42 21
42 22
42 25
42 28
42 30
42 37
42 43
42 45
42 58
42 65
42 67
42 86
42 87
42 92
42 98
42 106
42 152
42 163
42 164
42 178
42 185
42 192
42 195
42 202
42 203
42 206
42 209
42 210
42 211
42 213
42 218
42 223
42 225
42 227
42 228
42 232
42 233
42 234
42 236
42 238
42 242
42 245
42 249
42 250
42 255
43 2
43 4
43 6
43 8
43 10
43 13
43 14
43 15
43 23
43 24
43 28
43 29
43 30
43 35
43 41
43 43
43 48
43 52
43 58
43 59
43 64
43 76
43 88
43 89
43 90
43 121
43 178
43 181
43 198
43 209
43 211
43 212
43 216
43 217
43 220
43 234
43 235
43 236
43 237
43 238
43 239
43 244
43 250
43 251
43 254
44 0
44 3
44 6
44 12
44 15
44 22
44 24
44 27
44 28
44 31
44 37
44 41
44 43
44 44
44 50
44 51
44 56
44 61
44 64
44 76
44 78
44 82
44 87
44 106
44 118
44 120
44 124
44 140
44 149
44 163
44 169
44 172
44 179
44 181
44 182
44 183
44 185
44 187
44 193
44 194
44 199
44 211
44 214
44 222
44 231
44 232
44 240
44 242
44 244
44 252
44 253
45 0
45 1
45 2
45 5
45 9
45 10
45 11
45 12
45 13
45 14
45 16
45 19
45 20
45 22
45 28
45 32
45 36
45 40
45 41
45 43
45 44
45 51
45 52
45 55
45 59
45 61
45 62
45 67
45 112
45 146
45 161
45 162
45 164
45 165
45 167
45 177
45 188
45 192
45 194
45 197
45 200
45 202
45 203
45 208
45 210
45 216
45 219
45 220
45 221
45 222
45 224
45 225
45 227
45 228
45 229
45 233
45 238
45 239
45 243
45 247
45 248
45 255
46 7
46 9
46 23
46 24
46 33
46 34
46 36
46 39
46 40
46 48
46 49
46 65
46 71
46 77
46 80
46 91
46 114
46 150
46 154
46 159
46 186
46 192
46 193
46 194
46 199
46 204
46 214
46 215
46 218
46 220
46 230
46 233
46 235
46 236
46 237
46 241
46 242
46 245
46 250
47 0
47 3
47 7
47 10
47 19
47 20
47 21
47 32
47 34
47 36
47 41
47 57
47 61
47 77
47 109
47 120
47 142
47 188
47 191
47 200
47 202
47 205
47 209
47 216
47 220
47 222
47 227
47 230
47 235
47 237
47 239
47 240
47 243
47 244
47 249
47 250
48 1
48 2
48 4
48 7
48 10
48 11
48 17
48 18
48 20
48 25
48 26
48 27
48 33
48 35
48 41
48 53
48 74
48 75
48 80
48 82
48 87
48 106
48 109
48 119
48 133
48 152
48 156
48 164
48 166
48 189
48 193
48 204
48 206
48 208
48 217
48 222
48 228
48 235
48 239
48 247
48 249
48 253
49 7
49 8
49 12
49 23
49 39
49 44
49 76
49 96
49 108
49 166
49 177
49 178
49 197
49 198
49 200
49 211
49 212
49 216
49 231
49 235
49 240
49 249
49 250
49 254
50 1
50 2
50 8
50 10
50 12
50 16
50 22
50 23
50 25
50 30
50 32
50 33
50 36
50 49
50 55
50 57
50 58
50 65
50 66
50 80
50 84
50 86
50 90
50 92
50 108
50 110
50 144
50 152
50 191
50 199
50 201
50 218
50 234
50 235
50 236
50 239
50 241
50 243
50 249
50 251
50 252
51 3
51 5
51 11
51 13
51 14
51 15
51 25
51 26
51 30
51 32
51 37
51 41
51 57
51 58
51 65
51 66
51 75
51 77
51 111
51 135
51 155
51 160
51 177
51 193
51 196
51 207
51 208
51 212
51 215
51 216
51 227
51 230
51 233
51 234
51 236
51 238
51 241
51 242
51 245
51 255
52 0
52 3
52 11
52 14
52 19
52 25
52 29
52 30
52 31
52 47
52 48
52 51
52 52
52 55
52 59
52 63
52 66
52 76
52 112
52 138
52 144
52 174
52 194
52 197
52 199
52 204
52 206
52 208
52 215
52 216
52 217
52 221
52 223
52 228
52 229
52 231
52 238
52 239
52 241
52 243
52 246
52 250
52 253
53 1
53 2
53 3
53 4
53 6
53 7
53 8
53 9
53 11
53 12
53 15
53 20
53 21
53 29
53 30
53 38
53 45
53 68
53 86
53 89
53 92
53 97
53 118
53 158
53 173
53 177
53 181
53 182
53 185
53 202
53 218
53 222
53 224
53 226
53 230
53 231
53 235
53 236
53 237
53 245
53 246
53 254
54 8
54 13
54 15
54 17
54 18
54 20
54 24
54 25
54 31
54 35
54 39
54 42
54 44
54 66
54 77
54 171
54 181
54 193
54 195
54 200
54 209
54 220
54 222
54 238
54 239
54 241
54 243
54 244
54 245
54 247
55 5
55 9
55 12
55 19
55 21
55 23
55 25
55 27
55 33
55 34
55 38
55 41
55 44
55 47
55 54
55 55
55 56
55 58
55 70
55 72
55 73
55 94
55 101
55 102
55 113
55 141
55 173
55 195
55 202
55 222
55 224
55 239
55 241
55 245
55 248
55 249
55 251
55 254
56 12
56 19
56 21
56 32
56 45
56 54
56 55
56 77
56 80
56 85
56 104
56 139
56 172
56 174
56 191
56 202
56 209
56 212
56 214
56 216
56 217
56 224
56 225
56 231
56 233
56 243
56 244
56 249
56 253
56 255
57 2
57 8
57 11
57 12
57 18
57 29
57 35
57 37
57 39
57 42
57 45
57 50
57 57
57 64
57 72
57 83
57 90
57 106
57 110
57 160
57 176
57 182
57 184
57 193
57 194
57 197
57 208
57 213
57 214
57 219
57 233
57 239
57 241
57 245
57 246
58 0
58 2
58 7
58 10
58 13
58 14
58 15
58 17
58 20
58 27
58 37
58 38
58 44
58 45
58 46
58 56
58 60
58 63
58 66
58 100
58 118
58 142
58 149
58 163
58 192
58 193
58 200
58 211
58 216
58 217
58 223
58 229
58 230
58 243
58 245
58 250
58 255
59 0
59 14
59 15
59 21
59 22
59 26
59 29
59 37
59 40
59 47
59 54
59 55
59 56
59 59
59 78
59 81
59 177
59 178
59 182
59 190
59 192
59 194
59 199
59 208
59 209
59 219
59 222
59 232
59 233
59 239
59 246
59 252
60 1
60 11
60 13
60 21
60 25
60 26
60 27
60 31
60 33
60 40
60 41
60 45
60 48
60 52
60 54
60 57
60 60
60 73
60 79
60 96
60 101
60 147
60 152
60 198
60 204
60 205
60 209
60 239
60 240
60 241
60 243
60 247
60 248
60 252
60 255
61 2
61 9
61 10
61 18
61 19
61 25
61 27
61 29
61 30
61 36
61 43
61 52
61 53
61 58
61 69
61 112
61 162
61 179
61 181
61 190
61 192
61 201
61 209
61 212
61 213
61 218
61 220
61 222
61 223
61 226
61 227
61 228
61 232
61 236
61 237
61 238
61 239
61 241
61 242
61 248
61 252
62 25
62 30
62 31
62 37
62 39
62 61
62 79
62 91
62 94
62 176
62 187
62 189
62 195
62 201
62 206
62 222
62 223
62 226
62 228
62 230
62 234
62 251
62 252
62 253
62 254
63 3
63 5
63 6
63 16
63 17
63 31
63 34
63 36
63 43
63 48
63 53
63 70
63 71
63 79
63 80
63 85
63 88
63 89
63 167
63 171
63 194
63 202
63 222
63 231
63 232
63 234
63 238
63 239
63 255
64 1
64 2
64 8
64 9
64 13
64 18
64 19
64 21
64 24
64 27
64 32
64 33
64 44
64 45
64 46
64 49
64 66
64 82
64 96
64 99
64 150
64 159
64 169
64 173
64 196
64 197
64 208
64 212
64 218
64 220
64 222
64 231
64 232
64 233
64 234
64 236
64 241
64 242
64 243
64 244
64 246
65 1
65 5
65 8
65 15
65 16
65 27
65 32
65 35
65 37
65 54
65 56
65 63
65 104
65 141
65 144
65 169
65 170
65 172
65 175
65 180
65 183
65 190
65 194
65 201
65 210
65 240
65 253
65 254
66 3
66 18
66 33
66 36
66 40
66 47
66 48
66 60
66 67
66 69
66 71
66 144
66 155
66 161
66 207
66 223
66 224
66 225
66 231
66 234
66 241
66 247
67 5
67 6
67 7
67 8
67 9
67 20
67 26
67 29
67 33
67 40
67 46
67 100
67 146
67 171
67 199
67 200
67 202
67 208
67 210
67 215
67 219
67 223
67 224
67 228
67 237
67 241
67 248
67 249
67 250
67 255
68 0
68 1
68 6
68 12
68 16
68 18
68 21
68 29
68 30
68 32
68 35
68 36
68 37
68 40
68 41
68 43
68 73
68 77
68 79
68 91
68 145
68 152
68 162
68 168
68 175
68 186
68 187
68 204
68 233
68 234
68 253
68 254
69 5
69 19
69 23
69 29
69 31
69 33
69 36
69 37
69 55
69 56
69 57
69 58
69 63
69 70
69 100
69 165
69 176
69 192
69 204
69 217
69 219
69 229
69 230
69 232
69 243
69 249
69 250
69 251
70 12
70 23
70 26
70 31
70 35
70 56
70 61
70 69
70 82
70 101
70 105
70 160
70 162
70 163
70 167
70 199
70 216
70 226
70 228
70 230
70 242
70 243
70 249
70 254
71 0
71 18
71 20
71 25
71 27
71 35
71 38
71 48
71 61
71 73
71 95
71 110
71 144
71 169
71 175
71 205
71 206
71 208
71 217
71 221
71 222
71 226
71 228
71 230
71 233
71 249
71 251
72 0
72 2
72 4
72 10
72 21
72 22
72 26
72 37
72 48
72 54
72 76
72 80
72 83
72 90
72 91
72 97
72 165
72 180
72 186
72 191
72 193
72 195
72 198
72 200
72 249
72 250
72 251
72 255
73 4
73 10
73 12
73 20
73 31
73 40
73 45
73 48
73 58
73 65
73 68
73 76
73 85
73 107
73 180
73 182
73 186
73 194
73 204
73 224
73 230
73 231
73 241
73 243
73 255
74 8
74 16
74 22
74 25
74 39
74 40
74 44
74 56
74 57
74 64
74 80
74 97
74 98
74 162
74 197
74 205
74 206
74 215
74 218
74 224
74 226
74 227
74 247
75 4
75 6
75 13
75 19
75 33
75 34
75 42
75 46
75 49
75 71
75 84
75 158
75 163
75 168
75 201
75 233
75 236
75 237
75 238
75 242
75 243
75 251
75 254
76 1
76 12
76 18
76 31
76 37
76 41
76 43
76 44
76 50
76 54
76 67
76 72
76 78
76 100
76 157
76 176
76 181
76 182
76 186
76 192
76 216
76 226
76 231
76 233
76 243
76 248
76 252
76 254
77 25
77 33
77 44
77 50
77 57
77 62
77 65
77 71
77 106
77 154
77 172
77 176
77 200
77 201
77 216
77 232
77 236
77 248
77 251
77 252
78 22
78 40
78 44
78 66
78 76
78 80
78 103
78 167
78 168
78 181
78 182
78 192
78 193
78 195
78 210
78 222
78 227
78 251
79 2
79 3
79 6
79 7
79 12
79 15
79 21
79 22
79 47
79 58
79 62
79 69
79 73
79 90
79 92
79 103
79 105
79 152
79 167
79 185
79 197
79 207
79 215
79 229
79 233
79 244
79 246
80 10
80 56
80 61
80 63
80 75
80 78
80 82
80 103
80 155
80 166
80 174
80 190
80 206
80 207
80 211
80 213
80 214
80 227
80 230
80 233
80 239
80 240
80 245
80 246
80 248
80 252
80 253
81 0
81 2
81 4
81 10
81 12
81 23
81 25
81 45
81 58
81 64
81 177
81 200
81 210
81 227
81 230
81 235
81 237
81 238
81 246
82 8
82 10
82 11
82 14
82 21
82 22
82 33
82 34
82 50
82 52
82 61
82 83
82 89
82 94
82 156
82 172
82 194
82 199
82 206
82 212
82 232
82 238
82 242
82 247
83 15
83 17
83 33
83 41
83 42
83 45
83 66
83 176
83 189
83 224
83 238
83 247
83 255
84 1
84 4
84 31
84 37
84 41
84 51
84 52
84 54
84 66
84 72
84 94
84 181
84 193
84 220
84 222
84 224
84 228
84 238
84 240
84 248
84 251
85 12
85 19
85 20
85 48
85 77
85 85
85 92
85 97
85 165
85 184
85 185
85 194
85 196
85 205
85 210
85 211
85 223
85 229
85 230
85 236
85 239
85 240
85 248
85 250
85 251
85 254
85 255
86 5
86 6
86 10
86 13
86 28
86 42
86 43
86 45
86 53
86 57
86 80
86 195
86 197
86 201
86 212
86 247
86 252
86 254
87 4
87 8
87 16
87 21
87 30
87 33
87 40
87 45
87 47
87 59
87 80
87 97
87 157
87 168
87 207
87 227
87 239
87 240
88 16
88 23
88 29
88 39
88 46
88 58
88 85
88 163
88 195
88 196
88 201
88 204
88 211
88 216
88 217
88 221
88 229
88 250
88 252
89 1
89 5
89 27
89 35
89 45
89 54
89 55
89 72
89 80
89 88
89 94
89 182
89 187
89 192
89 205
89 224
89 242
89 246
89 248
90 9
90 13
90 30
90 57
90 68
90 72
90 159
90 164
90 187
90 210
90 218
90 223
90 234
90 237
90 244
90 248
90 255
91 2
91 7
91 30
91 31
91 96
91 161
91 178
91 194
91 213
91 224
91 225
91 239
91 240
91 246
91 252
92 4
92 6
92 17
92 20
92 23
92 26
92 44
92 57
92 67
92 79
92 169
92 171
92 197
92 198
92 201
92 203
92 205
92 209
92 236
92 237
92 244
92 246
92 250
93 14
93 29
93 43
93 44
93 63
93 72
93 94
93 232
93 236
93 237
93 244
93 249
93 255
94 0
94 12
94 17
94 29
94 38
94 39
94 69
94 79
94 164
94 180
94 192
94 193
94 206
94 216
94 218
94 219
94 220
94 225
94 241
95 24
95 31
95 33
95 61
95 183
95 192
95 204
95 214
95 215
95 218
95 231
95 238
95 241
95 242
95 245
95 248
95 249
95 251
96 2
96 4
96 17
96 19
96 22
96 26
96 34
96 47
96 52
96 53
96 57
96 71
96 165
96 180
96 208
96 215
96 217
96 249
97 6
97 19
97 28
97 35
97 43
97 56
97 57
97 74
97 90
97 177
97 184
97 190
97 229
97 240
97 242
97 246
97 247
98 2
98 9
98 19
98 23
98 41
98 45
98 46
98 57
98 58
98 64
98 172
98 173
98 176
98 185
98 188
98 190
98 192
98 208
98 222
98 230
99 35
99 36
99 47
99 62
99 74
99 81
99 214
99 226
99 229
100 4
100 5
100 33
100 37
100 40
100 200
100 211
100 221
100 223
100 224
100 233
100 243
100 253
101 20
101 25
101 30
101 37
101 39
101 68
101 69
101 175
101 183
101 208
101 209
101 212
101 217
101 218
101 227
101 251
102 19
102 28
102 45
102 205
102 225
102 229
102 240
102 245
102 252
103 11
103 22
103 24
103 31
103 32
103 33
103 36
103 46
103 47
103 175
103 188
103 195
103 196
103 197
103 198
103 200
103 223
103 236
103 251
104 40
104 175
104 191
104 202
104 207
104 218
104 237
104 255
105 19
105 20
105 31
105 40
105 50
105 62
105 189
105 221
105 224
105 225
105 243
105 255
106 4
106 27
106 29
106 44
106 52
106 58
106 59
106 80
106 187
106 208
106 210
106 224
106 229
106 233
106 255
107 26
107 32
107 38
107 53
107 66
107 67
107 190
107 197
107 200
107 205
107 248
107 253
108 6
108 16
108 17
108 30
108 34
108 66
108 192
108 222
108 233
108 251
109 7
109 9
109 40
109 53
109 64
109 201
109 219
109 226
110 2
110 189
110 244
111 18
111 35
111 46
111 188
111 221
111 246
112 0
112 4
112 17
112 24
112 36
112 50
112 67
112 185
112 196
112 197
112 252
113 15
113 21
113 49
113 58
113 208
113 223
113 228
113 232
113 235
113 237
114 4
114 5
114 17
114 23
114 26
114 206
115 33
115 59
115 65
115 190
115 220
115 224
115 228
115 238
116 1
116 25
116 54
116 63
116 194
116 240
117 11
117 47
117 194
117 209
117 229
117 233
117 240
117 244
118 0
118 34
118 39
118 42
118 46
118 59
118 240
118 246
119 40
119 234
119 242
120 7
120 51
120 223
121 2
121 3
121 8
121 35
121 208
121 214
121 216
121 220
121 227
121 231
121 237
121 245
122 0
122 4
122 44
122 216
123 7
123 8
123 23
123 35
123 41
123 44
123 241
123 243
123 245
123 253
124 18
124 46
124 225
125 37
125 42
125 223
125 228
126 16
126 17
126 220
126 225
126 231
126 248
127 224
127 229
128 8
128 23
128 226
128 230
