0 0
0 1
0 2
0 3
0 4
0 5
0 6
0 7
0 8
0 9
0 10
0 11
0 12
0 13
0 14
0 15
0 16
0 17
0 18
0 19
0 20
0 28
0 32
0 33
0 36
0 42
0 47
0 76
0 84
0 93
0 96
0 98
0 102
0 112
0 128
0 148
0 149
0 152
0 160
0 172
0 173
0 178
0 191
0 193
0 199
0 203
0 208
0 224
0 229
0 231
0 241
0 249
0 250
1 0
1 1
1 2
1 3
1 4
1 5
1 6
1 7
1 8
1 9
1 10
1 11
1 12
1 13
1 14
1 15
1 16
1 17
1 18
1 19
1 28
1 30
1 35
1 36
1 44
1 45
1 46
1 47
1 48
1 60
1 70
1 75
1 77
1 102
1 115
1 126
1 127
1 131
1 142
1 143
1 152
1 156
1 163
1 176
1 180
1 188
1 194
1 202
1 206
1 207
1 208
1 215
1 226
1 234
1 237
1 239
1 250
1 251
1 252
1 253
2 0
2 1
2 2
2 3
2 4
2 5
2 6
2 7
2 8
2 9
2 10
2 11
2 12
2 13
2 14
2 15
2 16
2 17
2 18
2 19
2 29
2 32
2 36
2 52
2 54
2 64
2 73
2 76
2 86
2 93
2 98
2 99
2 107
2 119
2 121
2 146
2 154
2 163
2 169
2 183
2 194
2 202
2 207
2 209
2 227
3 0
3 1
3 2
3 3
3 4
3 5
3 6
3 7
3 8
3 9
3 10
3 11
3 12
3 13
3 14
3 15
3 16
3 17
3 18
3 19
3 20
3 23
3 44
3 46
3 64
3 70
3 80
3 88
3 95
3 101
3 106
3 109
3 124
3 139
3 147
3 159
3 166
3 171
3 177
3 180
3 195
3 222
3 225
3 227
4 0
4 1
4 2
4 3
4 4
4 5
4 6
4 7
4 8
4 9
4 10
4 11
4 12
4 13
4 14
4 15
4 16
4 17
4 18
4 19
4 20
4 25
4 32
4 64
4 66
4 67
4 69
4 74
4 84
4 92
4 108
4 112
4 115
4 117
4 121
4 130
4 132
4 137
4 140
4 145
4 147
4 163
4 184
4 186
4 190
4 195
4 203
4 207
4 221
4 222
4 246
4 250
4 251
4 255
5 0
5 1
5 2
5 3
5 4
5 5
5 6
5 7
5 8
5 9
5 10
5 11
5 12
5 13
5 14
5 15
5 16
5 17
5 18
5 19
5 34
5 38
5 56
5 58
5 75
5 80
5 81
5 82
5 103
5 109
5 111
5 112
5 114
5 140
5 156
5 157
5 168
5 172
5 178
5 189
5 192
5 207
5 210
5 226
5 228
5 231
5 236
5 239
5 244
5 245
5 246
5 253
5 254
6 0
6 1
6 2
6 3
6 4
6 5
6 6
6 7
6 8
6 9
6 10
6 11
6 12
6 13
6 14
6 15
6 16
6 17
6 18
6 19
6 24
6 27
6 29
6 32
6 34
6 46
6 51
6 52
6 58
6 61
6 63
6 76
6 88
6 91
6 94
6 98
6 101
6 116
6 121
6 147
6 149
6 153
6 156
6 161
6 176
6 179
6 187
6 192
6 194
6 195
6 198
6 201
6 204
6 216
6 217
6 220
6 224
6 240
7 0
7 1
7 2
7 3
7 4
7 5
7 6
7 7
7 8
7 9
7 10
7 11
7 12
7 13
7 14
7 15
7 16
7 17
7 18
7 20
7 21
7 26
7 27
7 36
7 40
7 51
7 57
7 58
7 67
7 83
7 97
7 104
7 125
7 136
7 140
7 168
7 169
7 174
7 189
7 192
7 203
7 205
7 213
7 217
7 218
7 244
7 247
7 251
8 0
8 1
8 2
8 3
8 4
8 5
8 6
8 7
8 8
8 9
8 10
8 11
8 12
8 13
8 14
8 15
8 16
8 17
8 18
8 26
8 42
8 52
8 56
8 58
8 62
8 81
8 92
8 105
8 125
8 130
8 131
8 132
8 142
8 152
8 155
8 160
8 171
8 179
8 184
8 209
8 215
8 226
8 230
8 233
8 238
8 243
8 244
8 245
8 250
9 0
9 1
9 2
9 3
9 4
9 5
9 6
9 7
9 8
9 9
9 10
9 11
9 12
9 13
9 14
9 15
9 16
9 17
9 28
9 47
9 51
9 53
9 71
9 79
9 82
9 88
9 91
9 93
9 96
9 108
9 111
9 131
9 143
9 151
9 154
9 158
9 160
9 163
9 189
9 191
9 194
9 195
9 204
9 210
9 212
9 214
9 218
9 239
9 245
9 247
10 0
10 1
10 2
10 3
10 4
10 5
10 6
10 7
10 8
10 9
10 10
10 11
10 12
10 13
10 14
10 15
10 16
10 17
10 39
10 41
10 62
10 70
10 78
10 80
10 99
10 108
10 115
10 118
10 139
10 141
10 150
10 152
10 156
10 170
10 177
10 184
10 192
10 193
10 195
10 198
10 213
10 218
10 219
10 226
10 238
10 248
10 252
11 0
11 1
11 2
11 3
11 4
11 5
11 6
11 7
11 8
11 9
11 10
11 11
11 12
11 13
11 14
11 15
11 16
11 22
11 25
11 36
11 39
11 51
11 60
11 62
11 77
11 93
11 100
11 102
11 105
11 107
11 108
11 111
11 113
11 115
11 116
11 128
11 131
11 135
11 144
11 158
11 160
11 170
11 188
11 205
11 219
11 223
11 225
11 241
12 0
12 1
12 2
12 3
12 4
12 5
12 6
12 7
12 8
12 9
12 10
12 11
12 12
12 13
12 14
12 15
12 16
12 48
12 50
12 53
12 57
12 61
12 70
12 86
12 94
12 97
12 100
12 112
12 118
12 129
12 136
12 156
12 186
12 189
12 195
12 198
12 199
12 201
12 202
12 203
12 213
12 214
12 215
12 216
12 223
12 226
12 234
12 248
13 0
13 1
13 2
13 3
13 4
13 5
13 6
13 7
13 8
13 9
13 10
13 11
13 12
13 13
13 14
13 15
13 18
13 24
13 26
13 37
13 46
13 56
13 62
13 69
13 95
13 97
13 98
13 105
13 110
13 145
13 168
13 177
13 184
13 194
13 197
13 198
13 200
13 222
13 226
13 237
13 238
13 241
13 242
13 250
13 252
14 0
14 1
14 2
14 3
14 4
14 5
14 6
14 7
14 8
14 9
14 10
14 11
14 12
14 13
14 14
14 15
14 19
14 24
14 31
14 34
14 40
14 45
14 63
14 69
14 73
14 80
14 84
14 92
14 105
14 109
14 116
14 118
14 119
14 121
14 122
14 136
14 137
14 139
14 145
14 162
14 164
14 174
14 179
14 180
14 188
14 192
14 205
14 216
14 220
14 223
14 233
14 245
15 0
15 1
15 2
15 3
15 4
15 5
15 6
15 7
15 8
15 9
15 10
15 11
15 12
15 13
15 17
15 24
15 26
15 33
15 37
15 44
15 54
15 57
15 70
15 73
15 76
15 83
15 88
15 93
15 106
15 109
15 112
15 113
15 116
15 130
15 141
15 144
15 149
15 150
15 151
15 168
15 171
15 197
15 205
15 215
15 217
15 219
15 230
15 234
15 241
15 248
15 249
16 0
16 1
16 2
16 3
16 4
16 5
16 6
16 7
16 8
16 9
16 10
16 11
16 12
16 18
16 20
16 38
16 46
16 48
16 55
16 60
16 63
16 65
16 72
16 77
16 79
16 81
16 103
16 117
16 121
16 125
16 127
16 145
16 148
16 159
16 165
16 177
16 181
16 185
16 191
16 196
16 220
16 226
16 227
16 230
16 231
16 239
16 243
17 0
17 1
17 2
17 3
17 4
17 5
17 6
17 7
17 8
17 9
17 10
17 11
17 15
17 32
17 42
17 58
17 66
17 68
17 78
17 98
17 110
17 111
17 114
17 117
17 120
17 121
17 127
17 129
17 132
17 143
17 144
17 165
17 169
17 172
17 185
17 193
17 202
17 212
17 213
17 223
17 229
17 253
17 254
18 0
18 1
18 2
18 3
18 4
18 5
18 6
18 7
18 8
18 9
18 12
18 13
18 22
18 25
18 36
18 59
18 76
18 88
18 90
18 105
18 110
18 111
18 112
18 119
18 127
18 131
18 141
18 142
18 144
18 147
18 152
18 159
18 171
18 172
18 187
18 189
18 192
18 199
18 207
18 214
18 216
18 217
18 242
18 243
18 247
19 0
19 1
19 2
19 3
19 4
19 5
19 6
19 12
19 14
19 20
19 22
19 28
19 30
19 47
19 59
19 61
19 62
19 67
19 69
19 74
19 90
19 94
19 95
19 96
19 100
19 105
19 124
19 137
19 139
19 140
19 142
19 154
19 155
19 158
19 164
19 170
19 175
19 178
19 183
19 196
19 201
19 204
19 207
19 210
19 222
19 240
19 249
19 254
19 255
20 0
20 34
20 48
20 53
20 55
20 61
20 67
20 77
20 80
20 85
20 86
20 93
20 95
20 112
20 117
20 119
20 125
20 134
20 145
20 147
20 157
20 165
20 167
20 180
20 184
20 207
20 211
20 217
20 226
20 228
20 231
20 232
20 240
20 243
20 247
21 4
21 23
21 26
21 28
21 34
21 52
21 58
21 68
21 74
21 76
21 79
21 94
21 96
21 97
21 100
21 101
21 109
21 117
21 125
21 128
21 137
21 142
21 146
21 149
21 150
21 151
21 155
21 166
21 168
21 169
21 172
21 173
21 177
21 182
21 188
21 193
21 199
21 207
21 208
21 209
21 218
21 223
21 240
21 251
21 254
21 255
22 0
22 7
22 15
22 36
22 38
22 43
22 44
22 47
22 48
22 49
22 55
22 56
22 63
22 70
22 75
22 82
22 86
22 94
22 97
22 98
22 102
22 104
22 105
22 109
22 133
22 134
22 142
22 152
22 168
22 170
22 171
22 174
22 177
22 179
22 180
22 203
22 227
22 237
22 238
22 240
22 252
23 11
23 16
23 32
23 40
23 45
23 53
23 56
23 64
23 66
23 89
23 98
23 99
23 104
23 116
23 120
23 123
23 125
23 133
23 134
23 135
23 154
23 174
23 195
23 200
23 216
23 234
23 247
24 3
24 8
24 11
24 18
24 29
24 31
24 40
24 45
24 46
24 53
24 71
24 77
24 78
24 99
24 107
24 111
24 115
24 120
24 129
24 130
24 133
24 144
24 151
24 165
24 169
24 171
24 176
24 177
24 192
24 195
24 197
24 202
24 208
24 236
24 238
24 239
24 241
24 243
24 247
24 248
24 254
25 5
25 7
25 9
25 17
25 36
25 49
25 54
25 89
25 97
25 123
25 126
25 130
25 133
25 139
25 141
25 142
25 174
25 179
25 185
25 186
25 191
25 193
25 197
25 205
25 206
25 208
25 214
25 216
25 231
25 243
26 16
26 19
26 23
26 32
26 52
26 53
26 54
26 60
26 66
26 73
26 76
26 91
26 97
26 101
26 107
26 108
26 111
26 117
26 122
26 123
26 127
26 147
26 169
26 192
26 203
26 212
26 224
26 231
26 232
26 254
27 10
27 15
27 17
27 19
27 20
27 22
27 33
27 36
27 38
27 40
27 46
27 60
27 67
27 70
27 74
27 77
27 88
27 92
27 93
27 96
27 105
27 130
27 131
27 164
27 170
27 171
27 180
27 181
27 183
27 207
27 211
27 214
27 227
27 235
27 236
27 246
27 249
28 5
28 17
28 22
28 25
28 38
28 46
28 51
28 52
28 54
28 66
28 70
28 76
28 89
28 94
28 95
28 97
28 115
28 129
28 130
28 139
28 143
28 144
28 155
28 159
28 169
28 171
28 175
28 177
28 179
28 182
28 185
28 191
28 197
28 210
28 231
28 238
29 6
29 13
29 22
29 31
29 32
29 36
29 49
29 75
29 79
29 85
29 89
29 94
29 95
29 109
29 128
29 130
29 133
29 136
29 138
29 140
29 141
29 142
29 146
29 148
29 182
29 232
29 236
29 246
29 253
29 254
30 2
30 9
30 15
30 19
30 20
30 29
30 33
30 57
30 63
30 71
30 76
30 92
30 94
30 110
30 113
30 118
30 147
30 148
30 151
30 158
30 160
30 163
30 165
30 168
30 172
30 173
30 174
30 179
30 180
30 181
30 197
30 205
30 213
30 216
30 226
30 230
30 237
30 243
30 246
30 248
30 255
31 1
31 12
31 16
31 25
31 27
31 32
31 37
31 44
31 45
31 53
31 55
31 58
31 63
31 70
31 86
31 88
31 97
31 102
31 108
31 111
31 113
31 126
31 133
31 134
31 149
31 154
31 157
31 168
31 181
31 203
31 208
31 238
31 242
31 247
31 250
31 251
31 253
32 7
32 10
32 13
32 16
32 17
32 45
32 48
32 57
32 63
32 65
32 67
32 68
32 81
32 88
32 109
32 185
32 194
32 208
32 212
32 231
32 232
32 241
32 242
32 245
32 248
32 249
32 253
32 255
33 23
33 31
33 35
33 37
33 52
33 53
33 59
33 66
33 88
33 97
33 109
33 141
33 144
33 151
33 164
33 166
33 173
33 197
33 201
33 212
33 226
33 229
33 231
33 232
33 240
34 16
34 19
34 24
34 25
34 34
34 40
34 47
34 68
34 72
34 74
34 80
34 85
34 87
34 89
34 91
34 93
34 95
34 97
34 100
34 104
34 105
34 106
34 121
34 126
34 130
34 154
34 155
34 156
34 177
34 179
34 180
34 182
34 201
34 213
34 222
34 223
34 226
34 227
34 228
34 239
35 5
35 9
35 19
35 26
35 28
35 30
35 38
35 41
35 46
35 54
35 56
35 61
35 64
35 68
35 82
35 96
35 98
35 122
35 146
35 175
35 181
35 183
35 198
35 243
35 245
35 254
36 15
36 20
36 22
36 26
36 65
36 77
36 81
36 86
36 88
36 99
36 103
36 117
36 131
36 136
36 177
36 184
36 190
36 196
36 201
36 202
36 210
36 212
36 213
36 234
37 4
37 18
37 19
37 21
37 25
37 27
37 29
37 37
37 38
37 78
37 81
37 82
37 120
37 130
37 144
37 151
37 161
37 165
37 170
37 207
37 223
37 236
37 237
37 244
37 245
37 250
38 2
38 6
38 17
38 32
38 40
38 45
38 48
38 49
38 50
38 63
38 65
38 67
38 68
38 70
38 87
38 112
38 116
38 123
38 125
38 138
38 150
38 161
38 164
38 167
38 171
38 173
38 182
38 186
38 215
38 216
38 223
38 231
38 233
38 234
38 237
38 255
39 4
39 5
39 7
39 15
39 17
39 37
39 40
39 42
39 43
39 50
39 51
39 54
39 56
39 80
39 90
39 96
39 97
39 103
39 107
39 111
39 117
39 125
39 127
39 132
39 133
39 156
39 160
39 168
39 175
39 177
39 211
39 218
39 231
39 232
39 249
39 255
40 5
40 15
40 20
40 23
40 28
40 52
40 58
40 60
40 61
40 62
40 63
40 64
40 74
40 75
40 83
40 100
40 106
40 117
40 138
40 159
40 165
40 169
40 183
40 189
40 191
40 203
40 204
40 206
40 208
40 211
40 224
40 226
40 230
40 231
40 236
40 251
40 252
41 9
41 50
41 65
41 83
41 88
41 107
41 116
41 123
41 129
41 141
41 142
41 175
41 176
41 184
41 209
41 218
41 219
41 222
41 224
41 246
41 252
42 7
42 15
42 16
42 17
42 21
42 34
42 44
42 57
42 60
42 78
42 84
42 93
42 94
42 100
42 105
42 121
42 129
42 139
42 149
42 153
42 157
42 159
42 160
42 162
42 177
42 178
42 199
42 203
42 207
42 220
42 241
42 242
42 245
43 0
43 8
43 10
43 37
43 43
43 52
43 59
43 64
43 70
43 86
43 88
43 90
43 92
43 93
43 103
43 104
43 109
43 117
43 120
43 126
43 127
43 133
43 134
43 137
43 138
43 154
43 157
43 174
43 179
43 187
43 213
43 216
43 217
43 239
43 241
43 249
44 2
44 14
44 19
44 33
44 47
44 52
44 66
44 82
44 84
44 88
44 90
44 93
44 96
44 106
44 110
44 115
44 122
44 123
44 129
44 135
44 136
44 141
44 144
44 147
44 151
44 165
44 170
44 176
44 177
44 181
44 186
44 198
44 207
44 211
44 216
44 220
44 221
44 223
44 254
45 17
45 20
45 22
45 24
45 27
45 31
45 33
45 36
45 41
45 42
45 70
45 83
45 92
45 120
45 126
45 127
45 129
45 131
45 132
45 134
45 138
45 144
45 146
45 154
45 155
45 158
45 160
45 161
45 164
45 174
45 180
45 186
45 188
45 192
45 197
45 200
45 224
45 229
45 236
45 255
46 18
46 30
46 31
46 33
46 46
46 50
46 54
46 68
46 74
46 84
46 98
46 99
46 108
46 120
46 135
46 139
46 150
46 158
46 171
46 175
46 185
46 198
46 210
46 222
46 228
46 229
46 252
47 11
47 14
47 17
47 20
47 30
47 42
47 50
47 60
47 68
47 85
47 92
47 101
47 105
47 121
47 122
47 126
47 132
47 138
47 152
47 157
47 160
47 171
47 192
47 196
47 213
47 214
47 215
47 235
48 2
48 8
48 14
48 15
48 17
48 26
48 29
48 37
48 46
48 50
48 59
48 60
48 65
48 69
48 70
48 74
48 80
48 88
48 91
48 98
48 121
48 124
48 136
48 138
48 140
48 150
48 153
48 155
48 164
48 165
48 186
48 190
48 191
48 203
48 205
48 216
48 219
48 234
48 238
48 243
48 249
49 1
49 22
49 27
49 28
49 37
49 40
49 42
49 45
49 59
49 66
49 67
49 91
49 106
49 107
49 114
49 127
49 128
49 131
49 137
49 147
49 148
49 170
49 172
49 178
49 180
49 185
49 194
49 203
49 207
49 210
49 218
49 224
49 245
49 250
49 255
50 11
50 13
50 14
50 19
50 25
50 26
50 34
50 35
50 37
50 47
50 50
50 54
50 57
50 70
50 74
50 86
50 88
50 91
50 102
50 109
50 116
50 119
50 124
50 126
50 132
50 134
50 159
50 164
50 190
50 203
50 208
50 212
50 215
50 219
50 225
50 237
50 244
50 246
50 247
50 248
51 0
51 3
51 36
51 37
51 38
51 51
51 59
51 61
51 79
51 82
51 87
51 89
51 91
51 105
51 119
51 124
51 127
51 129
51 140
51 141
51 151
51 170
51 182
51 186
51 189
51 190
51 193
51 207
51 211
51 213
51 245
51 249
52 4
52 8
52 12
52 15
52 17
52 22
52 38
52 42
52 45
52 48
52 54
52 64
52 72
52 86
52 95
52 108
52 121
52 122
52 129
52 141
52 144
52 152
52 153
52 162
52 166
52 168
52 171
52 172
52 176
52 184
52 225
52 230
52 233
52 234
52 235
52 239
52 240
52 252
53 11
53 29
53 35
53 39
53 42
53 67
53 68
53 69
53 71
53 74
53 77
53 92
53 93
53 95
53 102
53 120
53 122
53 124
53 125
53 127
53 129
53 144
53 146
53 177
53 184
53 191
53 196
53 202
53 206
53 215
53 218
53 226
53 229
53 230
53 248
54 1
54 56
54 71
54 89
54 91
54 100
54 107
54 109
54 129
54 130
54 138
54 155
54 157
54 167
54 171
54 174
54 178
54 187
54 192
54 195
54 203
54 213
54 236
54 237
55 2
55 6
55 25
55 42
55 43
55 44
55 48
55 62
55 68
55 73
55 79
55 86
55 92
55 105
55 121
55 124
55 127
55 129
55 137
55 144
55 156
55 158
55 159
55 171
55 191
55 194
55 198
55 229
55 231
55 233
55 241
55 251
56 3
56 7
56 18
56 21
56 37
56 47
56 50
56 57
56 58
56 68
56 78
56 89
56 90
56 117
56 119
56 124
56 126
56 147
56 150
56 155
56 159
56 164
56 178
56 182
56 190
56 196
56 197
56 229
56 234
56 236
56 241
56 245
56 253
57 2
57 8
57 29
57 31
57 34
57 38
57 47
57 99
57 108
57 112
57 126
57 129
57 161
57 164
57 169
57 174
57 182
57 183
57 199
57 205
57 209
57 212
57 239
57 243
57 254
57 255
58 4
58 11
58 12
58 26
58 28
58 31
58 32
58 39
58 42
58 43
58 51
58 60
58 72
58 79
58 84
58 85
58 91
58 96
58 97
58 102
58 105
58 108
58 110
58 136
58 138
58 143
58 152
58 156
58 164
58 174
58 175
58 181
58 185
58 186
58 191
58 193
58 197
58 201
58 212
58 220
58 231
58 239
58 243
58 248
59 25
59 33
59 39
59 58
59 62
59 66
59 69
59 70
59 71
59 85
59 96
59 99
59 100
59 106
59 109
59 111
59 115
59 117
59 124
59 128
59 139
59 140
59 144
59 146
59 151
59 152
59 155
59 163
59 185
59 190
59 197
59 208
59 215
59 218
59 221
59 247
59 255
60 11
60 15
60 20
60 33
60 36
60 42
60 45
60 63
60 67
60 87
60 118
60 122
60 133
60 153
60 155
60 157
60 158
60 171
60 178
60 189
60 191
60 199
60 211
60 212
60 224
60 229
60 241
60 245
60 252
60 253
60 254
61 23
61 26
61 46
61 49
61 52
61 57
61 60
61 90
61 99
61 101
61 109
61 120
61 125
61 141
61 144
61 146
61 148
61 157
61 185
61 193
61 195
61 201
61 204
61 206
61 228
61 229
61 230
61 231
61 232
61 234
61 251
61 252
62 0
62 1
62 13
62 21
62 25
62 32
62 34
62 47
62 50
62 54
62 57
62 65
62 72
62 76
62 90
62 96
62 101
62 106
62 112
62 121
62 131
62 139
62 148
62 151
62 158
62 163
62 178
62 179
62 196
62 199
62 203
62 214
62 222
62 223
62 241
62 244
62 251
63 9
63 11
63 22
63 33
63 36
63 37
63 41
63 46
63 89
63 95
63 96
63 100
63 114
63 119
63 123
63 128
63 143
63 147
63 148
63 150
63 154
63 156
63 174
63 175
63 176
63 183
63 192
63 194
63 211
63 212
63 225
63 226
63 227
63 230
63 232
63 238
63 243
63 244
63 247
64 22
64 23
64 36
64 38
64 39
64 45
64 53
64 58
64 61
64 64
64 69
64 83
64 87
64 88
64 90
64 102
64 109
64 110
64 113
64 116
64 117
64 129
64 130
64 131
64 144
64 166
64 171
64 179
64 190
64 191
64 196
64 218
64 238
64 251
65 1
65 16
65 19
65 20
65 22
65 47
65 48
65 58
65 72
65 78
65 82
65 89
65 95
65 110
65 119
65 141
65 147
65 156
65 161
65 163
65 164
65 169
65 175
65 187
65 188
65 203
65 204
65 215
65 220
65 221
65 239
65 255
66 1
66 20
66 29
66 35
66 52
66 59
66 60
66 102
66 104
66 107
66 117
66 118
66 119
66 121
66 132
66 133
66 134
66 139
66 143
66 150
66 152
66 156
66 159
66 161
66 173
66 194
66 201
66 204
66 211
66 214
66 218
66 222
66 245
67 0
67 1
67 4
67 18
67 35
67 41
67 47
67 52
67 56
67 61
67 83
67 89
67 99
67 103
67 110
67 114
67 123
67 124
67 126
67 136
67 137
67 138
67 139
67 140
67 143
67 144
67 159
67 174
67 186
67 189
67 191
67 197
67 201
67 202
67 212
67 224
67 227
67 247
67 255
68 3
68 7
68 16
68 28
68 32
68 34
68 42
68 50
68 51
68 61
68 75
68 76
68 86
68 100
68 108
68 122
68 126
68 132
68 136
68 140
68 143
68 175
68 207
68 212
68 219
68 223
68 227
68 228
68 229
68 231
68 241
68 253
69 3
69 6
69 13
69 15
69 21
69 30
69 37
69 49
69 51
69 52
69 54
69 60
69 65
69 67
69 73
69 74
69 92
69 100
69 109
69 111
69 134
69 143
69 152
69 155
69 171
69 175
69 180
69 183
69 184
69 191
69 192
69 193
69 195
69 204
69 206
69 216
69 223
69 232
69 236
69 238
69 251
69 253
70 0
70 3
70 17
70 22
70 26
70 30
70 41
70 45
70 46
70 50
70 68
70 69
70 70
70 82
70 91
70 102
70 106
70 109
70 110
70 124
70 131
70 149
70 150
70 161
70 184
70 186
70 187
70 189
70 205
70 208
70 221
70 233
70 238
70 247
70 248
71 7
71 24
71 44
71 46
71 50
71 51
71 57
71 58
71 72
71 75
71 82
71 85
71 98
71 109
71 111
71 113
71 117
71 118
71 130
71 139
71 143
71 146
71 151
71 171
71 172
71 175
71 215
71 220
71 223
71 226
71 228
71 239
71 243
71 246
72 6
72 11
72 23
72 33
72 41
72 46
72 53
72 63
72 73
72 76
72 81
72 85
72 86
72 91
72 93
72 106
72 108
72 120
72 125
72 136
72 162
72 163
72 166
72 172
72 175
72 177
72 180
72 187
72 213
72 214
72 235
72 252
72 254
73 3
73 20
73 24
73 41
73 44
73 62
73 64
73 67
73 71
73 92
73 107
73 109
73 113
73 114
73 118
73 119
73 120
73 123
73 127
73 133
73 135
73 145
73 156
73 162
73 173
73 176
73 179
73 181
73 182
73 187
73 196
73 198
73 210
73 211
73 214
73 217
73 222
73 239
73 242
74 5
74 13
74 17
74 34
74 35
74 38
74 47
74 70
74 74
74 85
74 87
74 104
74 107
74 110
74 114
74 119
74 121
74 159
74 166
74 167
74 179
74 182
74 188
74 202
74 203
74 221
74 235
74 238
74 241
74 242
74 251
75 14
75 26
75 34
75 47
75 54
75 55
75 72
75 78
75 106
75 146
75 158
75 160
75 161
75 174
75 184
75 187
75 216
75 217
75 219
76 1
76 11
76 12
76 21
76 29
76 40
76 42
76 43
76 79
76 84
76 89
76 94
76 102
76 118
76 127
76 130
76 137
76 144
76 145
76 147
76 158
76 159
76 161
76 162
76 173
76 175
76 179
76 183
76 195
76 198
76 199
76 204
76 206
76 208
76 212
76 218
76 221
76 222
76 231
76 246
76 253
77 2
77 3
77 19
77 26
77 29
77 33
77 34
77 37
77 48
77 49
77 57
77 71
77 81
77 89
77 96
77 108
77 128
77 135
77 137
77 141
77 183
77 184
77 208
77 220
77 222
77 241
77 247
77 248
77 250
78 2
78 12
78 13
78 28
78 33
78 43
78 59
78 68
78 72
78 108
78 116
78 154
78 170
78 177
78 183
78 204
78 205
78 208
78 209
78 222
78 240
78 247
78 251
78 255
79 0
79 4
79 9
79 31
79 33
79 41
79 48
79 62
79 68
79 69
79 73
79 80
79 85
79 88
79 96
79 117
79 120
79 125
79 127
79 131
79 138
79 144
79 153
79 157
79 165
79 173
79 180
79 185
79 201
79 205
79 208
79 221
79 222
79 230
80 0
80 2
80 3
80 6
80 18
80 34
80 86
80 104
80 120
80 122
80 124
80 127
80 129
80 143
80 149
80 156
80 162
80 165
80 167
80 174
80 225
80 237
80 243
80 244
80 245
80 246
80 252
81 5
81 10
81 11
81 13
81 23
81 47
81 60
81 68
81 69
81 71
81 73
81 74
81 98
81 99
81 111
81 140
81 143
81 148
81 150
81 154
81 183
81 195
81 200
81 204
81 215
81 222
81 234
81 243
81 248
82 11
82 26
82 30
82 35
82 37
82 38
82 50
82 56
82 77
82 85
82 88
82 91
82 111
82 124
82 127
82 129
82 138
82 154
82 156
82 183
82 191
82 196
82 198
82 209
82 226
82 240
82 246
82 248
83 3
83 5
83 17
83 23
83 66
83 71
83 87
83 92
83 111
83 120
83 124
83 128
83 149
83 150
83 151
83 158
83 160
83 169
83 171
83 172
83 190
83 191
83 194
83 212
83 234
83 237
83 249
83 252
84 2
84 5
84 9
84 11
84 25
84 28
84 54
84 61
84 62
84 64
84 67
84 73
84 74
84 75
84 81
84 86
84 87
84 88
84 103
84 106
84 109
84 110
84 122
84 133
84 139
84 158
84 170
84 171
84 182
84 196
84 206
84 209
84 215
84 220
84 231
84 253
85 11
85 14
85 17
85 18
85 29
85 35
85 49
85 58
85 79
85 80
85 84
85 88
85 90
85 113
85 114
85 125
85 133
85 142
85 147
85 149
85 152
85 155
85 162
85 164
85 170
85 176
85 182
85 184
85 190
85 197
85 206
85 220
85 229
85 236
85 237
85 240
85 241
85 252
86 9
86 17
86 26
86 38
86 40
86 42
86 53
86 69
86 75
86 83
86 99
86 102
86 106
86 120
86 125
86 130
86 139
86 148
86 159
86 162
86 177
86 181
86 193
86 194
86 199
86 212
86 226
86 230
86 232
86 233
86 245
86 250
86 253
87 10
87 11
87 14
87 25
87 39
87 40
87 41
87 49
87 66
87 72
87 74
87 78
87 81
87 82
87 88
87 92
87 115
87 121
87 124
87 126
87 127
87 130
87 131
87 139
87 140
87 150
87 155
87 156
87 158
87 161
87 162
87 181
87 185
87 191
87 205
87 215
87 216
87 227
87 231
87 249
87 255
88 8
88 9
88 21
88 22
88 23
88 24
88 25
88 27
88 35
88 47
88 52
88 53
88 59
88 61
88 67
88 68
88 74
88 79
88 111
88 115
88 117
88 142
88 143
88 175
88 184
88 185
88 196
88 203
88 206
88 211
88 220
88 227
88 228
88 237
88 250
89 2
89 11
89 14
89 17
89 21
89 25
89 48
89 51
89 56
89 80
89 82
89 88
89 95
89 126
89 131
89 133
89 135
89 138
89 146
89 152
89 153
89 155
89 159
89 162
89 166
89 173
89 198
89 205
89 211
89 213
89 223
89 226
89 227
89 234
89 239
89 245
90 1
90 3
90 4
90 11
90 14
90 27
90 30
90 36
90 43
90 59
90 67
90 69
90 98
90 102
90 129
90 136
90 143
90 155
90 158
90 170
90 174
90 197
90 198
90 205
90 211
90 215
90 220
90 225
90 226
90 234
90 253
90 254
91 6
91 8
91 17
91 19
91 34
91 38
91 43
91 55
91 56
91 57
91 72
91 80
91 90
91 97
91 98
91 107
91 119
91 120
91 154
91 156
91 174
91 189
91 197
91 201
91 202
91 240
91 250
91 251
91 254
92 11
92 12
92 18
92 20
92 23
92 24
92 39
92 44
92 59
92 60
92 74
92 78
92 79
92 90
92 101
92 117
92 119
92 120
92 126
92 132
92 155
92 186
92 191
92 216
92 217
92 223
92 238
92 239
92 246
93 2
93 17
93 25
93 32
93 33
93 47
93 53
93 67
93 75
93 92
93 94
93 97
93 104
93 114
93 119
93 126
93 128
93 133
93 159
93 183
93 192
93 196
93 212
93 228
93 229
93 234
93 235
93 237
93 238
94 5
94 10
94 18
94 19
94 28
94 34
94 37
94 47
94 54
94 56
94 58
94 59
94 94
94 96
94 109
94 113
94 137
94 138
94 143
94 144
94 155
94 158
94 162
94 169
94 173
94 177
94 181
94 193
94 200
94 207
94 208
94 209
94 218
94 225
94 246
94 248
94 254
95 2
95 16
95 43
95 60
95 74
95 84
95 105
95 111
95 112
95 116
95 117
95 135
95 154
95 164
95 165
95 203
95 228
95 230
95 231
95 242
95 245
95 249
96 3
96 9
96 10
96 25
96 40
96 41
96 42
96 48
96 59
96 78
96 81
96 98
96 108
96 112
96 115
96 124
96 125
96 130
96 132
96 134
96 135
96 160
96 164
96 167
96 177
96 180
96 183
96 186
96 190
96 192
96 195
96 203
96 205
96 207
96 214
96 222
96 225
96 229
96 233
96 240
97 2
97 6
97 13
97 16
97 21
97 32
97 54
97 59
97 65
97 71
97 73
97 76
97 78
97 79
97 90
97 101
97 108
97 117
97 119
97 122
97 129
97 136
97 137
97 141
97 144
97 148
97 157
97 160
97 162
97 167
97 180
97 186
97 188
97 199
97 204
97 224
97 231
97 237
97 241
98 6
98 25
98 70
98 71
98 80
98 83
98 84
98 90
98 93
98 99
98 116
98 135
98 137
98 149
98 150
98 166
98 169
98 170
98 181
98 192
98 194
98 197
98 213
98 214
98 216
98 219
98 226
98 243
98 244
98 253
99 0
99 1
99 14
99 15
99 28
99 49
99 50
99 55
99 56
99 69
99 79
99 80
99 102
99 103
99 106
99 107
99 117
99 119
99 121
99 124
99 129
99 131
99 134
99 137
99 154
99 158
99 168
99 187
99 194
99 195
99 201
99 206
99 207
99 214
99 215
99 225
99 228
99 232
99 238
99 244
99 248
100 3
100 5
100 7
100 18
100 20
100 53
100 71
100 82
100 83
100 96
100 97
100 101
100 122
100 125
100 129
100 135
100 140
100 153
100 154
100 159
100 166
100 168
100 204
100 209
100 210
100 221
100 223
100 233
100 254
101 7
101 14
101 16
101 19
101 33
101 57
101 58
101 68
101 81
101 88
101 95
101 106
101 115
101 116
101 119
101 130
101 132
101 133
101 137
101 143
101 146
101 147
101 148
101 154
101 168
101 178
101 185
101 191
101 197
101 202
101 207
101 211
101 218
101 232
101 233
101 241
101 245
101 246
102 3
102 9
102 17
102 28
102 32
102 35
102 38
102 44
102 52
102 58
102 67
102 76
102 78
102 80
102 82
102 107
102 118
102 120
102 123
102 130
102 135
102 137
102 150
102 160
102 168
102 170
102 185
102 191
102 198
102 201
102 209
102 218
102 222
102 229
102 242
103 14
103 20
103 23
103 24
103 25
103 32
103 36
103 38
103 39
103 52
103 54
103 57
103 96
103 141
103 144
103 149
103 162
103 175
103 188
103 195
103 198
103 200
103 233
103 240
103 252
104 3
104 9
104 16
104 29
104 32
104 47
104 55
104 57
104 72
104 74
104 75
104 79
104 97
104 106
104 114
104 126
104 137
104 162
104 168
104 174
104 180
104 193
104 204
104 208
104 215
104 225
104 232
104 236
104 242
104 250
105 1
105 2
105 10
105 15
105 28
105 37
105 39
105 47
105 52
105 55
105 61
105 63
105 68
105 70
105 72
105 77
105 86
105 88
105 91
105 95
105 96
105 99
105 109
105 116
105 136
105 147
105 150
105 151
105 157
105 168
105 177
105 179
105 180
105 181
105 185
105 200
105 205
105 224
105 226
105 227
105 238
105 241
105 244
106 2
106 4
106 9
106 13
106 16
106 17
106 18
106 28
106 43
106 48
106 56
106 66
106 71
106 79
106 87
106 88
106 96
106 100
106 104
106 106
106 112
106 118
106 120
106 138
106 139
106 150
106 161
106 166
106 171
106 182
106 192
106 199
106 204
106 208
106 218
106 224
106 228
106 231
106 240
106 241
106 244
106 249
106 252
106 255
107 5
107 8
107 12
107 31
107 40
107 41
107 56
107 65
107 80
107 85
107 89
107 103
107 105
107 109
107 117
107 119
107 120
107 121
107 122
107 133
107 139
107 145
107 151
107 156
107 162
107 165
107 170
107 177
107 180
107 181
107 195
107 199
107 206
107 209
107 212
107 216
107 218
107 223
107 227
107 231
107 236
107 238
107 247
107 250
107 251
107 254
108 9
108 18
108 27
108 34
108 38
108 49
108 63
108 64
108 84
108 95
108 106
108 113
108 148
108 163
108 168
108 181
108 183
108 188
108 210
108 217
108 227
108 236
108 237
108 242
109 3
109 5
109 12
109 17
109 23
109 24
109 29
109 40
109 46
109 54
109 59
109 60
109 67
109 68
109 87
109 89
109 90
109 95
109 104
109 111
109 114
109 117
109 127
109 132
109 140
109 143
109 147
109 156
109 161
109 164
109 167
109 188
109 202
109 215
109 219
109 222
109 238
110 6
110 12
110 17
110 20
110 22
110 26
110 30
110 31
110 44
110 50
110 51
110 56
110 57
110 60
110 79
110 86
110 104
110 115
110 120
110 126
110 128
110 134
110 136
110 137
110 141
110 157
110 158
110 177
110 180
110 185
110 189
110 196
110 212
110 216
110 226
110 227
110 234
110 238
110 243
110 245
110 247
110 248
110 249
111 7
111 29
111 32
111 33
111 58
111 62
111 66
111 67
111 68
111 75
111 77
111 100
111 119
111 123
111 152
111 154
111 155
111 163
111 180
111 185
111 189
111 206
111 209
111 210
111 212
111 213
111 215
111 235
111 255
112 9
112 20
112 23
112 26
112 42
112 48
112 49
112 50
112 56
112 61
112 68
112 94
112 113
112 125
112 139
112 140
112 162
112 163
112 164
112 174
112 175
112 177
112 181
112 194
112 195
112 199
112 207
112 209
112 213
112 227
112 229
112 231
112 232
112 237
113 5
113 13
113 25
113 28
113 44
113 51
113 54
113 63
113 66
113 77
113 88
113 111
113 121
113 123
113 136
113 140
113 143
113 144
113 147
113 166
113 169
113 172
113 187
113 211
113 221
113 245
113 249
113 251
113 254
114 9
114 23
114 34
114 38
114 40
114 44
114 51
114 53
114 56
114 57
114 59
114 70
114 92
114 94
114 103
114 104
114 111
114 115
114 128
114 129
114 140
114 146
114 147
114 149
114 150
114 151
114 163
114 190
114 198
114 200
114 202
114 204
114 211
114 219
114 234
114 250
115 1
115 3
115 11
115 14
115 16
115 31
115 34
115 48
115 54
115 62
115 74
115 77
115 82
115 85
115 90
115 91
115 93
115 103
115 109
115 110
115 112
115 146
115 155
115 159
115 160
115 167
115 170
115 177
115 199
115 212
115 216
115 224
115 253
116 5
116 9
116 17
116 18
116 25
116 29
116 30
116 37
116 39
116 42
116 51
116 54
116 62
116 77
116 96
116 105
116 111
116 121
116 125
116 133
116 152
116 163
116 167
116 178
116 179
116 185
116 190
116 193
116 195
116 199
116 211
116 214
116 228
116 229
116 231
116 233
116 240
116 245
116 246
116 251
116 253
117 22
117 31
117 32
117 47
117 54
117 64
117 74
117 75
117 134
117 145
117 148
117 150
117 157
117 161
117 162
117 167
117 169
117 171
117 174
117 193
117 194
117 197
117 210
117 214
117 216
117 229
117 230
118 1
118 2
118 3
118 23
118 36
118 41
118 42
118 43
118 52
118 56
118 77
118 78
118 83
118 89
118 91
118 100
118 101
118 129
118 146
118 147
118 150
118 163
118 165
118 171
118 173
118 184
118 194
118 195
118 207
118 224
118 240
118 241
118 242
118 245
118 247
118 250
119 6
119 7
119 16
119 21
119 34
119 41
119 85
119 89
119 94
119 98
119 99
119 104
119 114
119 120
119 126
119 137
119 141
119 145
119 149
119 155
119 158
119 161
119 167
119 169
119 175
119 186
119 189
119 194
119 195
119 201
119 215
119 240
119 242
119 253
120 13
120 26
120 28
120 31
120 43
120 45
120 59
120 65
120 78
120 94
120 108
120 109
120 114
120 118
120 126
120 128
120 139
120 141
120 155
120 162
120 170
120 185
120 204
120 221
121 19
121 20
121 30
121 43
121 44
121 49
121 53
121 57
121 66
121 72
121 75
121 77
121 81
121 84
121 92
121 117
121 140
121 141
121 149
121 154
121 160
121 166
121 168
121 184
121 191
121 205
121 206
121 217
121 245
122 3
122 5
122 13
122 17
122 20
122 23
122 31
122 32
122 33
122 38
122 47
122 62
122 71
122 72
122 95
122 97
122 101
122 102
122 104
122 122
122 140
122 145
122 158
122 162
122 164
122 169
122 183
122 197
122 201
122 206
122 210
122 211
122 214
122 218
122 224
122 238
122 239
122 245
122 247
123 12
123 32
123 35
123 37
123 38
123 47
123 55
123 62
123 68
123 74
123 80
123 92
123 101
123 104
123 109
123 110
123 112
123 121
123 126
123 127
123 141
123 142
123 165
123 166
123 168
123 170
123 179
123 188
123 195
123 200
123 212
123 223
123 224
123 248
123 252
124 1
124 5
124 8
124 18
124 21
124 22
124 26
124 27
124 37
124 49
124 52
124 54
124 62
124 73
124 74
124 81
124 82
124 90
124 115
124 136
124 159
124 167
124 171
124 174
124 176
124 182
124 183
124 185
124 207
124 212
124 217
124 219
124 237
124 240
125 2
125 12
125 32
125 40
125 52
125 56
125 57
125 80
125 90
125 104
125 121
125 139
125 148
125 156
125 168
125 171
125 173
125 178
125 180
125 182
125 186
125 191
125 192
125 196
125 230
125 233
125 245
125 252
126 4
126 6
126 16
126 18
126 25
126 31
126 36
126 57
126 80
126 88
126 90
126 104
126 130
126 131
126 132
126 138
126 144
126 164
126 166
126 167
126 175
126 180
126 181
126 182
126 183
126 185
126 188
126 190
126 201
126 237
126 244
127 25
127 28
127 40
127 43
127 48
127 58
127 59
127 70
127 77
127 82
127 85
127 87
127 90
127 95
127 97
127 110
127 111
127 124
127 136
127 162
127 174
127 175
127 194
127 196
127 218
127 221
127 225
127 239
127 243
127 244
128 0
128 24
128 56
128 63
128 67
128 73
128 78
128 85
128 101
128 105
128 115
128 116
128 124
128 140
128 143
128 163
128 179
128 193
128 219
128 222
128 245
128 251
