0 0
0 1
0 2
0 3
0 4
0 5
0 6
0 7
0 8
0 9
0 10
0 11
0 12
0 13
0 14
0 15
0 17
0 20
0 21
0 22
0 23
0 24
0 31
0 32
0 37
0 39
0 42
0 47
0 52
0 54
0 56
0 62
0 64
0 69
0 72
0 89
0 92
0 101
0 111
0 114
0 138
0 160
0 223
0 270
0 327
0 330
0 365
0 374
0 410
0 413
0 421
0 426
0 439
0 442
0 444
0 455
0 458
0 463
0 469
0 470
0 474
0 476
0 479
0 481
0 482
0 483
0 485
0 488
0 490
0 491
0 492
0 494
0 495
0 497
0 498
0 499
0 500
0 501
0 502
0 503
0 504
0 505
0 506
0 507
0 508
0 509
0 510
0 511
1 0
1 1
1 2
1 3
1 4
1 5
1 6
1 7
1 8
1 9
1 10
1 11
1 12
1 13
1 14
1 15
1 16
1 17
1 19
1 21
1 22
1 23
1 31
1 35
1 38
1 42
1 44
1 49
1 55
1 57
1 59
1 62
1 63
1 64
1 67
1 70
1 88
1 91
1 96
1 110
1 113
1 114
1 118
1 123
1 130
1 131
1 132
1 146
1 147
1 164
1 165
1 176
1 183
1 187
1 209
1 231
1 242
1 284
1 321
1 422
1 428
1 430
1 434
1 436
1 437
1 439
1 448
1 450
1 451
1 455
1 463
1 469
1 471
1 476
1 478
1 488
1 490
1 495
1 498
1 499
1 500
1 501
1 502
1 503
1 504
1 505
1 506
1 507
1 508
1 509
1 510
1 511
2 0
2 1
2 2
2 3
2 4
2 5
2 6
2 7
2 8
2 9
2 10
2 11
2 12
2 13
2 14
2 16
2 18
2 20
2 23
2 27
2 28
2 34
2 35
2 39
2 42
2 43
2 48
2 51
2 60
2 61
2 64
2 66
2 72
2 74
2 128
2 133
2 151
2 158
2 201
2 294
2 317
2 318
2 319
2 346
2 422
2 433
2 460
2 464
2 466
2 469
2 475
2 480
2 484
2 486
2 489
2 490
2 496
2 497
2 498
2 499
2 500
2 501
2 502
2 503
2 504
2 505
2 506
2 507
2 508
2 509
2 510
2 511
3 0
3 1
3 2
3 3
3 4
3 5
3 6
3 7
3 8
3 9
3 10
3 11
3 12
3 13
3 14
3 15
3 16
3 19
3 22
3 25
3 26
3 31
3 32
3 38
3 40
3 65
3 73
3 74
3 87
3 89
3 96
3 109
3 122
3 145
3 148
3 150
3 233
3 340
3 372
3 385
3 386
3 399
3 408
3 415
3 420
3 433
3 449
3 451
3 457
3 460
3 464
3 474
3 477
3 484
3 489
3 492
3 496
3 498
3 499
3 500
3 501
3 502
3 503
3 504
3 505
3 506
3 507
3 508
3 509
3 510
3 511
4 0
4 1
4 2
4 3
4 4
4 5
4 6
4 7
4 8
4 9
4 10
4 11
4 12
4 13
4 14
4 15
4 16
4 17
4 18
4 24
4 25
4 26
4 27
4 28
4 30
4 31
4 32
4 33
4 38
4 50
4 58
4 59
4 62
4 65
4 67
4 77
4 78
4 92
4 101
4 114
4 117
4 119
4 120
4 140
4 373
4 400
4 418
4 426
4 428
4 432
4 434
4 440
4 452
4 466
4 480
4 481
4 483
4 485
4 487
4 488
4 491
4 494
4 495
4 496
4 497
4 498
4 499
4 500
4 501
4 502
4 503
4 504
4 505
4 506
4 507
4 508
4 509
4 510
4 511
5 0
5 1
5 2
5 3
5 4
5 5
5 6
5 7
5 8
5 9
5 10
5 11
5 12
5 13
5 14
5 17
5 19
5 21
5 23
5 26
5 27
5 31
5 34
5 37
5 41
5 45
5 59
5 60
5 75
5 117
5 121
5 127
5 132
5 165
5 167
5 232
5 250
5 369
5 374
5 388
5 390
5 412
5 420
5 422
5 438
5 440
5 446
5 450
5 457
5 458
5 460
5 468
5 474
5 477
5 479
5 480
5 481
5 482
5 486
5 487
5 489
5 490
5 491
5 494
5 495
5 496
5 498
5 499
5 500
5 501
5 502
5 503
5 504
5 505
5 506
5 507
5 508
5 509
5 510
5 511
6 0
6 1
6 2
6 3
6 4
6 5
6 6
6 7
6 8
6 9
6 10
6 11
6 12
6 13
6 15
6 17
6 21
6 24
6 27
6 32
6 33
6 34
6 37
6 38
6 43
6 45
6 48
6 55
6 63
6 69
6 77
6 81
6 87
6 91
6 106
6 115
6 117
6 118
6 124
6 140
6 259
6 322
6 363
6 365
6 373
6 379
6 385
6 393
6 430
6 433
6 439
6 455
6 464
6 468
6 469
6 470
6 474
6 477
6 484
6 488
6 489
6 492
6 494
6 495
6 497
6 499
6 500
6 501
6 502
6 503
6 504
6 505
6 506
6 507
6 508
6 509
6 510
6 511
7 0
7 1
7 2
7 3
7 4
7 5
7 6
7 7
7 8
7 9
7 10
7 11
7 12
7 13
7 14
7 16
7 17
7 19
7 20
7 21
7 22
7 24
7 27
7 37
7 45
7 47
7 48
7 50
7 51
7 52
7 59
7 63
7 79
7 83
7 84
7 109
7 163
7 234
7 293
7 325
7 354
7 359
7 368
7 373
7 403
7 417
7 424
7 429
7 440
7 442
7 446
7 451
7 454
7 457
7 462
7 468
7 470
7 475
7 476
7 478
7 480
7 481
7 482
7 483
7 485
7 486
7 491
7 492
7 497
7 498
7 499
7 500
7 501
7 502
7 503
7 504
7 505
7 506
7 507
7 508
7 509
7 510
7 511
8 0
8 1
8 2
8 3
8 4
8 5
8 6
8 7
8 8
8 9
8 10
8 11
8 12
8 13
8 17
8 22
8 23
8 29
8 35
8 38
8 39
8 44
8 49
8 51
8 53
8 55
8 60
8 64
8 79
8 83
8 93
8 122
8 154
8 161
8 270
8 290
8 329
8 333
8 340
8 362
8 417
8 422
8 428
8 449
8 453
8 455
8 457
8 459
8 466
8 475
8 482
8 484
8 489
8 493
8 494
8 495
8 497
8 499
8 500
8 501
8 502
8 503
8 504
8 505
8 506
8 507
8 508
8 509
8 510
8 511
9 0
9 1
9 2
9 3
9 4
9 5
9 6
9 7
9 8
9 9
9 10
9 11
9 12
9 15
9 16
9 17
9 19
9 21
9 23
9 26
9 28
9 29
9 34
9 41
9 51
9 52
9 53
9 54
9 55
9 66
9 68
9 73
9 86
9 98
9 112
9 114
9 121
9 130
9 139
9 148
9 160
9 167
9 168
9 184
9 267
9 312
9 321
9 327
9 358
9 387
9 399
9 427
9 433
9 448
9 459
9 469
9 471
9 474
9 477
9 479
9 480
9 481
9 487
9 489
9 493
9 494
9 497
9 500
9 501
9 502
9 503
9 504
9 505
9 506
9 507
9 508
9 509
9 510
9 511
10 0
10 1
10 2
10 3
10 4
10 5
10 6
10 7
10 8
10 9
10 10
10 11
10 12
10 14
10 15
10 16
10 19
10 20
10 24
10 25
10 26
10 27
10 34
10 37
10 38
10 44
10 50
10 58
10 62
10 80
10 87
10 90
10 100
10 102
10 145
10 165
10 235
10 337
10 398
10 400
10 408
10 418
10 419
10 421
10 425
10 441
10 471
10 472
10 475
10 477
10 481
10 486
10 487
10 488
10 489
10 493
10 494
10 496
10 497
10 499
10 500
10 501
10 502
10 503
10 504
10 505
10 506
10 507
10 508
10 509
10 510
10 511
11 0
11 1
11 2
11 3
11 4
11 5
11 6
11 7
11 8
11 9
11 10
11 11
11 13
11 14
11 15
11 19
11 22
11 24
11 25
11 38
11 40
11 42
11 43
11 44
11 50
11 51
11 52
11 53
11 59
11 67
11 68
11 80
11 81
11 82
11 83
11 97
11 100
11 106
11 108
11 112
11 150
11 172
11 223
11 320
11 338
11 375
11 393
11 401
11 410
11 416
11 429
11 436
11 452
11 459
11 474
11 475
11 476
11 477
11 482
11 486
11 489
11 494
11 495
11 496
11 500
11 501
11 502
11 503
11 504
11 505
11 506
11 507
11 508
11 509
11 510
11 511
12 0
12 1
12 2
12 3
12 4
12 5
12 6
12 7
12 8
12 9
12 10
12 12
12 15
12 16
12 18
12 23
12 26
12 27
12 30
12 39
12 41
12 44
12 46
12 51
12 64
12 71
12 77
12 79
12 86
12 89
12 96
12 110
12 114
12 116
12 135
12 136
12 150
12 159
12 163
12 173
12 182
12 215
12 256
12 305
12 308
12 316
12 378
12 383
12 392
12 399
12 416
12 424
12 428
12 434
12 435
12 440
12 456
12 461
12 465
12 477
12 481
12 483
12 488
12 489
12 491
12 492
12 494
12 495
12 496
12 498
12 500
12 501
12 502
12 503
12 504
12 505
12 506
12 507
12 508
12 509
12 510
12 511
13 0
13 1
13 2
13 3
13 4
13 5
13 6
13 7
13 8
13 10
13 11
13 12
13 13
13 15
13 16
13 17
13 20
13 22
13 24
13 25
13 26
13 45
13 47
13 49
13 51
13 62
13 68
13 69
13 88
13 94
13 103
13 108
13 152
13 154
13 197
13 228
13 230
13 261
13 267
13 275
13 291
13 308
13 330
13 359
13 375
13 378
13 394
13 404
13 409
13 415
13 416
13 417
13 423
13 427
13 432
13 434
13 441
13 450
13 454
13 463
13 464
13 473
13 474
13 477
13 480
13 482
13 484
13 489
13 491
13 492
13 495
13 497
13 499
13 501
13 503
13 504
13 505
13 506
13 507
13 508
13 509
13 510
13 511
14 0
14 1
14 2
14 3
14 4
14 5
14 6
14 7
14 9
14 10
14 11
14 12
14 13
14 16
14 17
14 21
14 27
14 28
14 32
14 34
14 35
14 36
14 39
14 40
14 44
14 45
14 49
14 60
14 66
14 89
14 98
14 101
14 116
14 220
14 308
14 315
14 316
14 337
14 379
14 412
14 427
14 430
14 438
14 457
14 463
14 473
14 479
14 481
14 488
14 489
14 492
14 493
14 495
14 497
14 500
14 501
14 505
14 506
14 507
14 508
14 509
14 510
14 511
15 0
15 1
15 2
15 3
15 6
15 7
15 8
15 10
15 11
15 12
15 13
15 17
15 19
15 21
15 22
15 23
15 26
15 27
15 28
15 31
15 35
15 39
15 44
15 55
15 56
15 58
15 79
15 82
15 89
15 90
15 92
15 99
15 115
15 128
15 134
15 137
15 148
15 171
15 257
15 320
15 356
15 371
15 374
15 390
15 405
15 442
15 443
15 449
15 453
15 464
15 472
15 474
15 476
15 479
15 484
15 485
15 486
15 490
15 493
15 494
15 496
15 503
15 504
15 505
15 506
15 511
16 1
16 3
16 4
16 5
16 6
16 7
16 8
16 10
16 11
16 17
16 31
16 32
16 36
16 38
16 40
16 49
16 55
16 63
16 73
16 76
16 80
16 83
16 91
16 95
16 143
16 167
16 169
16 230
16 245
16 307
16 326
16 327
16 333
16 341
16 354
16 355
16 376
16 395
16 398
16 404
16 411
16 446
16 448
16 449
16 454
16 458
16 467
16 469
16 475
16 476
16 478
16 485
16 486
16 487
16 492
16 496
16 498
16 499
16 501
16 504
16 507
16 509
16 511
17 0
17 1
17 2
17 6
17 7
17 10
17 12
17 14
17 17
17 20
17 22
17 23
17 24
17 29
17 32
17 33
17 35
17 36
17 37
17 51
17 52
17 62
17 83
17 92
17 99
17 110
17 128
17 143
17 155
17 216
17 252
17 298
17 325
17 347
17 368
17 373
17 381
17 403
17 454
17 456
17 457
17 460
17 463
17 466
17 467
17 480
17 482
17 485
17 489
17 491
17 492
17 494
17 496
17 497
17 499
17 504
17 506
17 507
17 508
17 509
17 510
17 511
18 7
18 13
18 16
18 18
18 24
18 25
18 29
18 31
18 41
18 46
18 48
18 50
18 52
18 55
18 62
18 66
18 84
18 89
18 146
18 151
18 157
18 170
18 229
18 271
18 297
18 341
18 404
18 414
18 425
18 430
18 438
18 444
18 445
18 455
18 457
18 467
18 468
18 471
18 473
18 475
18 481
18 482
18 490
18 493
18 495
18 496
18 497
18 498
18 502
18 503
18 504
18 505
18 508
18 509
18 510
18 511
19 0
19 1
19 2
19 4
19 5
19 6
19 9
19 10
19 12
19 15
19 16
19 28
19 35
19 44
19 52
19 53
19 64
19 70
19 76
19 84
19 90
19 131
19 146
19 213
19 347
19 376
19 394
19 401
19 407
19 414
19 416
19 417
19 418
19 428
19 437
19 442
19 449
19 452
19 459
19 471
19 475
19 476
19 478
19 486
19 487
19 489
19 490
19 492
19 495
19 498
19 501
19 502
19 503
19 504
19 509
19 510
19 511
20 0
20 1
20 2
20 3
20 4
20 5
20 6
20 7
20 11
20 15
20 16
20 18
20 19
20 21
20 26
20 30
20 31
20 32
20 33
20 34
20 37
20 38
20 42
20 44
20 50
20 52
20 55
20 56
20 59
20 61
20 64
20 75
20 78
20 109
20 124
20 125
20 129
20 142
20 233
20 291
20 358
20 368
20 375
20 392
20 397
20 401
20 405
20 410
20 421
20 422
20 431
20 435
20 436
20 445
20 449
20 468
20 472
20 473
20 475
20 480
20 489
20 498
20 499
20 501
20 502
20 504
20 505
20 507
20 508
20 509
20 510
21 0
21 3
21 5
21 6
21 7
21 21
21 23
21 29
21 37
21 38
21 39
21 44
21 60
21 74
21 81
21 113
21 134
21 150
21 151
21 220
21 376
21 384
21 396
21 421
21 423
21 427
21 441
21 443
21 456
21 463
21 466
21 470
21 474
21 490
21 491
21 492
21 495
21 496
21 497
21 501
21 502
21 510
22 2
22 3
22 5
22 8
22 11
22 12
22 19
22 23
22 24
22 25
22 28
22 33
22 34
22 37
22 40
22 49
22 58
22 62
22 64
22 65
22 67
22 71
22 79
22 82
22 90
22 103
22 115
22 134
22 162
22 346
22 347
22 361
22 380
22 403
22 420
22 424
22 426
22 434
22 450
22 453
22 458
22 462
22 463
22 465
22 472
22 474
22 476
22 477
22 479
22 484
22 493
22 495
22 498
22 500
22 509
23 0
23 2
23 4
23 5
23 10
23 12
23 14
23 15
23 16
23 17
23 18
23 19
23 20
23 25
23 28
23 35
23 41
23 43
23 49
23 50
23 52
23 54
23 55
23 57
23 77
23 81
23 92
23 122
23 124
23 288
23 343
23 366
23 391
23 417
23 440
23 442
23 446
23 447
23 450
23 456
23 464
23 466
23 473
23 477
23 479
23 482
23 485
23 487
23 488
23 494
23 499
23 500
23 504
23 508
23 509
23 510
24 5
24 8
24 9
24 14
24 20
24 21
24 22
24 34
24 39
24 40
24 42
24 43
24 44
24 51
24 57
24 58
24 62
24 69
24 70
24 72
24 74
24 88
24 97
24 101
24 105
24 109
24 113
24 122
24 132
24 189
24 209
24 231
24 318
24 323
24 362
24 383
24 394
24 427
24 431
24 435
24 439
24 443
24 445
24 451
24 453
24 466
24 471
24 474
24 479
24 481
24 491
24 492
24 493
24 495
24 497
24 498
24 500
24 503
24 504
24 510
25 0
25 1
25 9
25 14
25 20
25 22
25 24
25 28
25 35
25 40
25 41
25 48
25 58
25 60
25 118
25 165
25 222
25 225
25 237
25 278
25 315
25 383
25 388
25 416
25 435
25 442
25 449
25 471
25 472
25 473
25 475
25 479
25 482
25 484
25 488
25 490
25 499
25 504
25 510
26 2
26 5
26 7
26 13
26 18
26 20
26 24
26 26
26 28
26 31
26 34
26 38
26 41
26 45
26 50
26 57
26 63
26 64
26 66
26 68
26 74
26 81
26 85
26 92
26 114
26 117
26 123
26 131
26 134
26 141
26 146
26 158
26 183
26 256
26 308
26 314
26 377
26 382
26 392
26 397
26 418
26 458
26 467
26 474
26 475
26 486
26 488
26 492
26 497
26 500
26 501
26 504
26 508
26 509
27 6
27 11
27 16
27 18
27 21
27 23
27 24
27 30
27 35
27 53
27 55
27 56
27 57
27 66
27 68
27 78
27 79
27 81
27 125
27 136
27 180
27 203
27 206
27 228
27 262
27 268
27 340
27 346
27 380
27 384
27 391
27 392
27 393
27 400
27 415
27 418
27 432
27 440
27 445
27 446
27 464
27 467
27 471
27 478
27 479
27 483
27 484
27 489
27 493
27 494
27 497
27 499
27 503
27 505
27 506
27 509
27 511
28 0
28 1
28 2
28 5
28 7
28 11
28 13
28 16
28 18
28 20
28 21
28 29
28 30
28 37
28 41
28 46
28 61
28 69
28 70
28 75
28 96
28 100
28 114
28 169
28 178
28 183
28 189
28 197
28 275
28 322
28 351
28 363
28 369
28 398
28 431
28 450
28 453
28 454
28 457
28 460
28 483
28 484
28 487
28 491
28 493
28 495
28 505
28 506
29 0
29 7
29 8
29 10
29 15
29 18
29 20
29 21
29 23
29 30
29 31
29 32
29 38
29 40
29 42
29 46
29 49
29 50
29 64
29 70
29 83
29 90
29 91
29 95
29 102
29 104
29 105
29 120
29 203
29 214
29 230
29 279
29 293
29 333
29 346
29 384
29 427
29 447
29 452
29 460
29 462
29 465
29 472
29 476
29 479
29 483
29 485
29 490
29 491
29 492
29 501
29 502
29 503
29 505
29 507
29 508
29 509
29 511
30 3
30 7
30 10
30 16
30 20
30 23
30 29
30 34
30 37
30 40
30 56
30 64
30 92
30 114
30 196
30 224
30 256
30 280
30 365
30 384
30 392
30 410
30 421
30 433
30 440
30 443
30 452
30 465
30 472
30 481
30 492
30 500
30 503
30 504
30 505
30 508
31 2
31 6
31 9
31 10
31 18
31 34
31 38
31 52
31 53
31 62
31 74
31 76
31 81
31 82
31 84
31 90
31 98
31 102
31 107
31 115
31 121
31 127
31 147
31 161
31 266
31 269
31 319
31 364
31 398
31 403
31 406
31 414
31 428
31 429
31 436
31 445
31 448
31 457
31 470
31 473
31 475
31 477
31 480
31 483
31 484
31 486
31 487
31 490
31 494
31 495
31 496
31 499
31 500
31 503
31 507
31 511
32 2
32 3
32 6
32 17
32 20
32 22
32 23
32 35
32 36
32 42
32 47
32 51
32 53
32 66
32 85
32 86
32 103
32 108
32 113
32 139
32 167
32 232
32 278
32 303
32 325
32 337
32 387
32 392
32 418
32 420
32 432
32 435
32 445
32 446
32 455
32 456
32 458
32 463
32 467
32 468
32 471
32 472
32 478
32 480
32 484
32 488
32 499
32 502
32 503
32 504
33 1
33 4
33 10
33 11
33 27
33 30
33 31
33 38
33 48
33 50
33 56
33 57
33 58
33 63
33 66
33 78
33 85
33 108
33 110
33 184
33 235
33 273
33 287
33 311
33 337
33 378
33 420
33 431
33 433
33 453
33 469
33 474
33 480
33 488
33 489
33 491
33 493
33 499
33 501
33 504
33 505
33 509
34 0
34 2
34 6
34 7
34 14
34 15
34 16
34 18
34 23
34 24
34 28
34 34
34 36
34 51
34 82
34 91
34 92
34 97
34 100
34 106
34 114
34 132
34 207
34 288
34 300
34 307
34 354
34 355
34 392
34 397
34 418
34 426
34 437
34 438
34 441
34 447
34 450
34 452
34 460
34 467
34 468
34 471
34 472
34 473
34 477
34 480
34 481
34 487
34 488
34 494
34 509
34 510
34 511
35 0
35 9
35 10
35 11
35 14
35 18
35 38
35 43
35 44
35 45
35 50
35 52
35 54
35 70
35 100
35 119
35 156
35 166
35 172
35 185
35 191
35 239
35 264
35 354
35 362
35 380
35 402
35 407
35 413
35 423
35 430
35 443
35 451
35 457
35 462
35 465
35 477
35 484
35 487
35 490
35 492
35 497
35 504
35 505
35 510
35 511
36 0
36 2
36 4
36 5
36 7
36 12
36 15
36 20
36 21
36 26
36 28
36 34
36 44
36 51
36 62
36 68
36 69
36 75
36 86
36 103
36 117
36 258
36 263
36 308
36 360
36 379
36 387
36 438
36 439
36 446
36 449
36 452
36 454
36 456
36 457
36 462
36 465
36 469
36 473
36 474
36 479
36 484
36 489
36 492
36 494
36 497
36 501
36 502
36 504
36 509
37 0
37 2
37 3
37 4
37 26
37 29
37 34
37 35
37 37
37 41
37 52
37 55
37 65
37 70
37 75
37 101
37 129
37 130
37 131
37 158
37 184
37 322
37 326
37 363
37 429
37 445
37 464
37 476
37 493
37 495
37 498
37 501
37 502
37 503
37 504
37 505
37 506
37 510
38 0
38 8
38 11
38 15
38 19
38 21
38 29
38 33
38 34
38 39
38 42
38 56
38 59
38 68
38 69
38 72
38 76
38 85
38 101
38 109
38 138
38 145
38 151
38 203
38 218
38 233
38 244
38 371
38 418
38 423
38 426
38 435
38 438
38 444
38 461
38 463
38 465
38 473
38 476
38 486
38 488
38 493
38 497
38 498
38 500
38 501
38 508
38 509
38 510
39 3
39 8
39 12
39 17
39 34
39 36
39 47
39 50
39 52
39 63
39 69
39 99
39 110
39 124
39 138
39 145
39 157
39 184
39 186
39 202
39 272
39 289
39 302
39 304
39 312
39 339
39 346
39 358
39 400
39 402
39 409
39 416
39 421
39 424
39 442
39 445
39 447
39 456
39 459
39 462
39 464
39 475
39 477
39 487
39 489
39 491
39 492
39 509
40 2
40 13
40 15
40 16
40 32
40 39
40 42
40 51
40 57
40 69
40 76
40 93
40 99
40 106
40 109
40 123
40 131
40 132
40 142
40 185
40 228
40 325
40 374
40 387
40 394
40 417
40 426
40 435
40 445
40 446
40 448
40 452
40 455
40 457
40 458
40 459
40 472
40 473
40 482
40 488
40 491
40 494
40 499
40 504
40 507
40 508
41 11
41 12
41 14
41 19
41 20
41 23
41 25
41 29
41 32
41 33
41 34
41 45
41 46
41 71
41 73
41 84
41 115
41 143
41 151
41 170
41 219
41 302
41 328
41 399
41 428
41 429
41 433
41 439
41 441
41 453
41 454
41 455
41 468
41 469
41 478
41 487
41 491
41 498
41 506
42 4
42 8
42 15
42 16
42 18
42 22
42 29
42 33
42 34
42 40
42 50
42 72
42 75
42 82
42 87
42 88
42 103
42 118
42 158
42 176
42 188
42 207
42 208
42 238
42 299
42 313
42 321
42 324
42 357
42 423
42 427
42 429
42 430
42 436
42 439
42 457
42 460
42 473
42 485
42 486
42 489
42 494
42 503
42 504
43 2
43 4
43 8
43 15
43 16
43 22
43 26
43 27
43 34
43 39
43 57
43 58
43 78
43 85
43 117
43 122
43 132
43 146
43 153
43 169
43 176
43 181
43 215
43 253
43 294
43 347
43 381
43 394
43 400
43 412
43 443
43 444
43 446
43 455
43 458
43 461
43 464
43 466
43 467
43 468
43 475
43 479
43 480
43 482
43 494
43 499
43 502
43 503
43 504
43 508
43 510
44 2
44 3
44 4
44 9
44 15
44 19
44 21
44 23
44 27
44 28
44 39
44 54
44 62
44 64
44 65
44 69
44 70
44 75
44 82
44 85
44 86
44 103
44 110
44 148
44 159
44 174
44 192
44 258
44 276
44 357
44 367
44 452
44 457
44 468
44 480
44 484
44 488
44 493
44 501
44 505
44 509
44 510
45 3
45 6
45 13
45 15
45 18
45 21
45 25
45 31
45 39
45 69
45 77
45 98
45 108
45 146
45 182
45 192
45 196
45 270
45 329
45 378
45 391
45 404
45 419
45 438
45 458
45 460
45 468
45 484
45 491
45 494
45 495
45 498
45 499
45 500
45 502
45 503
45 510
46 2
46 8
46 14
46 23
46 24
46 25
46 30
46 43
46 46
46 54
46 69
46 91
46 96
46 111
46 112
46 140
46 160
46 182
46 191
46 212
46 345
46 350
46 361
46 376
46 381
46 386
46 394
46 406
46 411
46 416
46 423
46 431
46 451
46 454
46 461
46 463
46 467
46 470
46 479
46 484
46 499
46 501
46 510
46 511
47 0
47 9
47 13
47 14
47 16
47 19
47 25
47 27
47 30
47 40
47 59
47 73
47 80
47 90
47 92
47 94
47 115
47 123
47 137
47 163
47 221
47 317
47 352
47 371
47 375
47 381
47 383
47 384
47 388
47 403
47 429
47 440
47 460
47 463
47 472
47 474
47 477
47 483
47 497
47 510
48 0
48 6
48 14
48 16
48 17
48 22
48 25
48 27
48 59
48 60
48 63
48 67
48 74
48 98
48 131
48 140
48 182
48 206
48 207
48 239
48 336
48 345
48 401
48 411
48 418
48 448
48 450
48 455
48 457
48 466
48 467
48 471
48 475
48 479
48 480
48 482
48 499
48 501
48 502
48 509
49 2
49 5
49 11
49 16
49 18
49 23
49 29
49 35
49 37
49 40
49 50
49 61
49 81
49 92
49 133
49 152
49 160
49 205
49 222
49 247
49 267
49 326
49 334
49 338
49 359
49 371
49 381
49 382
49 396
49 401
49 410
49 426
49 469
49 477
49 480
49 482
49 487
49 489
49 495
49 498
49 500
50 3
50 8
50 13
50 14
50 24
50 28
50 37
50 39
50 41
50 42
50 46
50 48
50 56
50 58
50 62
50 63
50 65
50 97
50 113
50 221
50 297
50 349
50 435
50 436
50 452
50 464
50 480
50 481
50 484
50 505
50 511
51 0
51 8
51 15
51 16
51 17
51 18
51 20
51 29
51 41
51 42
51 43
51 57
51 63
51 68
51 84
51 85
51 98
51 103
51 117
51 142
51 153
51 343
51 371
51 385
51 408
51 409
51 413
51 415
51 424
51 429
51 439
51 443
51 446
51 459
51 460
51 462
51 469
51 478
51 479
51 484
51 485
51 487
51 497
51 498
51 500
51 506
52 0
52 3
52 5
52 20
52 21
52 22
52 33
52 40
52 42
52 43
52 45
52 65
52 75
52 77
52 84
52 89
52 105
52 121
52 135
52 140
52 175
52 180
52 181
52 221
52 274
52 319
52 344
52 364
52 398
52 400
52 403
52 417
52 419
52 424
52 427
52 442
52 460
52 466
52 469
52 473
52 476
52 477
52 481
52 488
52 494
52 506
53 1
53 16
53 21
53 24
53 28
53 33
53 34
53 35
53 43
53 49
53 55
53 58
53 59
53 70
53 81
53 84
53 98
53 110
53 114
53 150
53 185
53 285
53 303
53 345
53 381
53 392
53 394
53 401
53 403
53 407
53 420
53 422
53 429
53 436
53 441
53 444
53 446
53 451
53 455
53 457
53 465
53 484
53 485
53 499
54 3
54 5
54 7
54 17
54 19
54 20
54 23
54 29
54 33
54 34
54 51
54 57
54 62
54 66
54 74
54 129
54 189
54 258
54 302
54 339
54 343
54 378
54 410
54 416
54 429
54 435
54 460
54 463
54 470
54 476
54 483
54 489
54 490
54 492
54 494
54 497
54 498
54 504
55 11
55 12
55 20
55 22
55 23
55 27
55 37
55 41
55 45
55 52
55 89
55 105
55 163
55 170
55 244
55 256
55 277
55 279
55 379
55 390
55 394
55 396
55 399
55 411
55 413
55 425
55 434
55 439
55 447
55 478
55 487
55 489
55 500
55 505
55 507
56 1
56 7
56 14
56 15
56 21
56 22
56 33
56 37
56 44
56 52
56 66
56 67
56 74
56 100
56 161
56 174
56 182
56 186
56 287
56 329
56 361
56 381
56 388
56 394
56 410
56 414
56 418
56 428
56 471
56 486
56 490
56 492
56 500
56 511
57 6
57 8
57 24
57 27
57 35
57 36
57 38
57 45
57 55
57 78
57 84
57 99
57 109
57 124
57 126
57 128
57 135
57 156
57 173
57 326
57 338
57 364
57 369
57 385
57 389
57 393
57 395
57 446
57 461
57 471
57 492
57 497
57 498
57 499
57 509
58 5
58 12
58 18
58 51
58 83
58 109
58 123
58 125
58 187
58 190
58 209
58 308
58 368
58 390
58 391
58 413
58 426
58 428
58 431
58 433
58 436
58 445
58 467
58 470
58 475
58 480
58 482
58 506
58 507
59 0
59 3
59 5
59 15
59 17
59 20
59 26
59 32
59 38
59 43
59 47
59 62
59 64
59 73
59 77
59 82
59 90
59 112
59 114
59 124
59 125
59 154
59 184
59 316
59 361
59 384
59 406
59 408
59 429
59 438
59 439
59 442
59 458
59 466
59 467
59 477
59 485
59 497
59 506
60 8
60 39
60 41
60 46
60 64
60 92
60 159
60 164
60 166
60 191
60 209
60 230
60 303
60 344
60 382
60 392
60 397
60 423
60 425
60 427
60 437
60 443
60 444
60 446
60 465
60 467
60 478
60 480
60 482
60 491
60 506
61 10
61 12
61 33
61 37
61 47
61 68
61 77
61 78
61 95
61 167
61 195
61 201
61 253
61 303
61 319
61 326
61 344
61 362
61 417
61 422
61 425
61 426
61 436
61 445
61 447
61 454
61 456
61 457
61 465
61 470
61 477
61 478
61 483
61 489
61 501
61 508
62 4
62 9
62 10
62 16
62 19
62 36
62 37
62 45
62 53
62 54
62 56
62 105
62 110
62 111
62 132
62 161
62 326
62 337
62 407
62 408
62 419
62 441
62 443
62 449
62 452
62 474
62 478
62 482
62 487
62 494
62 500
63 11
63 14
63 18
63 41
63 60
63 74
63 79
63 87
63 91
63 135
63 139
63 167
63 175
63 262
63 275
63 319
63 335
63 348
63 406
63 407
63 413
63 418
63 421
63 430
63 437
63 451
63 460
63 462
63 465
63 471
63 472
63 481
63 484
63 493
63 494
63 500
63 502
63 504
63 506
64 13
64 17
64 21
64 24
64 25
64 27
64 46
64 53
64 55
64 63
64 71
64 75
64 90
64 102
64 103
64 107
64 218
64 253
64 267
64 269
64 304
64 344
64 367
64 373
64 398
64 403
64 423
64 430
64 434
64 466
64 480
64 483
64 489
64 492
64 493
64 495
64 497
65 1
65 9
65 19
65 24
65 40
65 46
65 77
65 104
65 122
65 125
65 147
65 158
65 173
65 186
65 212
65 270
65 291
65 301
65 329
65 363
65 368
65 378
65 383
65 400
65 401
65 423
65 434
65 448
65 456
65 460
65 472
65 477
65 482
65 491
65 492
65 508
66 6
66 8
66 18
66 19
66 30
66 33
66 37
66 47
66 49
66 61
66 138
66 147
66 166
66 237
66 261
66 312
66 318
66 332
66 340
66 433
66 434
66 438
66 439
66 445
66 453
66 465
66 485
66 501
66 505
66 509
67 13
67 17
67 23
67 24
67 28
67 30
67 33
67 35
67 49
67 64
67 75
67 93
67 110
67 139
67 142
67 153
67 189
67 313
67 348
67 396
67 400
67 402
67 448
67 459
67 460
67 468
67 483
67 489
67 490
67 492
67 505
67 510
67 511
68 0
68 14
68 15
68 17
68 40
68 43
68 50
68 63
68 70
68 71
68 75
68 85
68 156
68 182
68 196
68 197
68 212
68 263
68 380
68 403
68 409
68 414
68 415
68 417
68 425
68 430
68 471
68 496
68 508
69 2
69 3
69 12
69 20
69 35
69 43
69 95
69 111
69 113
69 114
69 130
69 132
69 149
69 203
69 328
69 359
69 381
69 392
69 394
69 400
69 427
69 440
69 442
69 461
69 462
69 463
69 467
69 480
69 489
69 492
69 505
69 506
70 4
70 8
70 12
70 17
70 31
70 35
70 49
70 52
70 54
70 59
70 64
70 67
70 77
70 111
70 114
70 127
70 189
70 198
70 219
70 326
70 333
70 352
70 371
70 404
70 434
70 435
70 474
70 501
71 3
71 17
71 42
71 43
71 45
71 61
71 74
71 80
71 107
71 108
71 123
71 139
71 175
71 190
71 299
71 309
71 335
71 354
71 355
71 391
71 418
71 441
71 449
71 462
71 476
71 477
71 487
71 488
71 491
71 492
71 504
71 506
71 508
72 8
72 10
72 36
72 51
72 52
72 59
72 62
72 66
72 85
72 89
72 119
72 125
72 159
72 166
72 173
72 224
72 226
72 287
72 293
72 339
72 345
72 346
72 394
72 453
72 459
72 464
72 478
72 487
72 488
72 497
73 1
73 4
73 16
73 25
73 27
73 41
73 45
73 55
73 68
73 71
73 82
73 142
73 148
73 280
73 353
73 370
73 415
73 423
73 437
73 454
73 461
73 484
73 485
73 490
73 492
73 499
73 505
73 509
74 3
74 9
74 11
74 15
74 23
74 31
74 39
74 46
74 71
74 83
74 89
74 94
74 96
74 102
74 270
74 289
74 354
74 365
74 368
74 385
74 389
74 392
74 398
74 401
74 417
74 429
74 447
74 455
74 461
74 464
74 466
74 487
74 511
75 6
75 14
75 24
75 35
75 54
75 64
75 72
75 73
75 74
75 75
75 96
75 98
75 120
75 132
75 133
75 173
75 257
75 320
75 339
75 369
75 375
75 401
75 420
75 430
75 460
75 462
75 468
75 477
75 481
75 485
75 491
75 492
75 493
75 499
75 507
76 9
76 13
76 18
76 20
76 28
76 29
76 30
76 48
76 68
76 73
76 77
76 91
76 105
76 129
76 181
76 200
76 215
76 341
76 400
76 415
76 432
76 441
76 450
76 458
76 459
76 481
76 485
76 487
76 490
76 497
76 500
76 511
77 0
77 3
77 14
77 32
77 60
77 67
77 92
77 103
77 158
77 212
77 234
77 390
77 403
77 415
77 419
77 435
77 440
77 465
77 468
77 471
77 486
77 490
77 496
77 506
78 25
78 31
78 55
78 58
78 72
78 75
78 83
78 90
78 93
78 98
78 121
78 189
78 212
78 221
78 265
78 275
78 303
78 314
78 388
78 394
78 398
78 409
78 411
78 413
78 420
78 421
78 444
78 448
78 471
78 476
78 477
78 485
78 489
78 494
78 507
78 508
79 2
79 5
79 15
79 18
79 24
79 35
79 39
79 41
79 51
79 60
79 76
79 78
79 99
79 132
79 133
79 141
79 153
79 203
79 214
79 345
79 377
79 380
79 397
79 407
79 424
79 425
79 431
79 469
79 472
79 491
79 497
79 500
79 504
79 509
80 3
80 8
80 9
80 16
80 27
80 30
80 41
80 62
80 65
80 98
80 143
80 205
80 252
80 280
80 345
80 347
80 360
80 367
80 391
80 407
80 421
80 469
80 474
80 479
80 483
80 486
80 487
80 490
80 495
80 508
81 10
81 12
81 26
81 32
81 40
81 47
81 75
81 77
81 84
81 85
81 102
81 115
81 145
81 162
81 174
81 356
81 373
81 420
81 429
81 434
81 445
81 449
81 450
81 479
81 480
81 484
81 499
81 509
82 2
82 44
82 45
82 75
82 80
82 91
82 144
82 195
82 248
82 308
82 358
82 363
82 376
82 390
82 397
82 413
82 415
82 443
82 450
82 464
82 465
82 470
82 495
83 14
83 16
83 22
83 24
83 34
83 38
83 49
83 53
83 56
83 70
83 75
83 85
83 90
83 101
83 108
83 143
83 301
83 332
83 333
83 335
83 343
83 359
83 370
83 414
83 435
83 442
83 449
83 470
83 471
83 477
83 481
83 494
83 504
84 11
84 12
84 20
84 30
84 35
84 39
84 61
84 62
84 79
84 84
84 153
84 208
84 285
84 290
84 350
84 432
84 446
84 467
84 479
84 482
84 488
84 492
84 505
85 1
85 6
85 8
85 30
85 32
85 41
85 55
85 57
85 64
85 80
85 84
85 87
85 127
85 141
85 145
85 330
85 349
85 350
85 370
85 379
85 386
85 391
85 410
85 466
85 474
85 477
86 2
86 5
86 16
86 20
86 23
86 27
86 29
86 36
86 41
86 73
86 75
86 99
86 113
86 131
86 243
86 337
86 341
86 374
86 377
86 392
86 398
86 411
86 453
86 461
86 497
86 499
87 0
87 6
87 8
87 20
87 22
87 28
87 37
87 55
87 66
87 74
87 82
87 85
87 116
87 119
87 203
87 255
87 321
87 331
87 337
87 355
87 362
87 376
87 395
87 406
87 407
87 449
87 462
88 7
88 21
88 42
88 60
88 61
88 79
88 92
88 132
88 150
88 189
88 323
88 355
88 359
88 372
88 388
88 413
88 419
88 428
88 443
88 449
88 458
88 472
88 487
88 496
88 508
89 9
89 16
89 25
89 38
89 44
89 53
89 71
89 87
89 164
89 176
89 185
89 200
89 249
89 305
89 323
89 345
89 362
89 392
89 394
89 396
89 425
89 429
89 445
89 458
89 466
89 490
89 491
90 0
90 23
90 30
90 52
90 56
90 68
90 77
90 98
90 100
90 104
90 109
90 137
90 138
90 156
90 268
90 275
90 400
90 438
90 439
90 444
90 454
90 466
90 492
90 501
91 11
91 12
91 14
91 16
91 18
91 24
91 28
91 35
91 53
91 55
91 58
91 84
91 100
91 125
91 129
91 136
91 142
91 335
91 357
91 362
91 367
91 380
91 393
91 402
91 425
91 451
91 472
91 484
92 14
92 30
92 37
92 69
92 110
92 144
92 193
92 350
92 381
92 407
92 447
92 474
92 479
92 502
92 504
93 13
93 39
93 55
93 59
93 65
93 79
93 86
93 106
93 123
93 144
93 176
93 183
93 190
93 223
93 271
93 324
93 393
93 422
93 436
93 439
93 448
93 452
93 464
93 469
93 492
93 498
94 4
94 5
94 6
94 7
94 8
94 20
94 30
94 35
94 55
94 60
94 63
94 82
94 104
94 108
94 117
94 121
94 133
94 180
94 326
94 360
94 365
94 410
94 428
94 457
94 496
94 505
95 0
95 2
95 8
95 15
95 19
95 25
95 50
95 53
95 65
95 78
95 139
95 173
95 271
95 292
95 296
95 361
95 423
95 466
95 499
95 502
95 505
96 2
96 11
96 22
96 23
96 29
96 30
96 35
96 39
96 48
96 49
96 64
96 70
96 80
96 85
96 89
96 92
96 342
96 359
96 408
96 429
96 451
96 459
96 461
96 496
96 502
97 1
97 7
97 39
97 67
97 70
97 96
97 153
97 215
97 225
97 318
97 338
97 398
97 415
97 421
97 423
97 446
97 451
97 453
97 479
97 484
97 486
97 496
97 500
97 504
97 507
98 2
98 4
98 5
98 6
98 23
98 45
98 70
98 94
98 177
98 188
98 335
98 363
98 367
98 377
98 382
98 383
98 401
98 434
98 445
98 451
98 464
98 467
98 484
98 487
98 499
98 509
99 4
99 10
99 17
99 26
99 47
99 57
99 66
99 75
99 90
99 131
99 232
99 310
99 421
99 422
99 425
99 430
99 470
99 482
99 486
99 494
99 498
100 14
100 15
100 28
100 29
100 33
100 80
100 129
100 137
100 150
100 176
100 191
100 193
100 245
100 298
100 374
100 394
100 413
100 434
100 465
100 467
100 485
101 7
101 11
101 23
101 40
101 60
101 78
101 110
101 165
101 274
101 286
101 346
101 367
101 375
101 378
101 385
101 397
101 403
101 463
101 476
101 497
101 508
101 510
102 0
102 2
102 5
102 6
102 24
102 25
102 39
102 107
102 122
102 138
102 337
102 365
102 475
102 479
102 484
102 489
102 497
103 5
103 24
103 55
103 56
103 61
103 67
103 78
103 83
103 125
103 131
103 142
103 174
103 179
103 183
103 270
103 272
103 274
103 275
103 324
103 358
103 360
103 375
103 377
103 439
103 451
103 466
103 474
103 503
104 4
104 6
104 10
104 16
104 17
104 19
104 24
104 25
104 27
104 32
104 46
104 51
104 97
104 116
104 151
104 194
104 310
104 373
104 454
104 460
104 498
104 501
104 502
104 504
105 6
105 23
105 25
105 72
105 73
105 90
105 107
105 167
105 207
105 292
105 299
105 349
105 351
105 413
105 454
105 478
105 485
105 504
105 506
105 511
106 7
106 39
106 42
106 63
106 69
106 110
106 115
106 176
106 191
106 308
106 351
106 381
106 392
106 439
106 454
106 464
106 479
106 480
106 499
107 1
107 8
107 66
107 68
107 85
107 92
107 93
107 102
107 108
107 188
107 200
107 216
107 245
107 375
107 377
107 422
107 426
107 440
107 457
107 459
107 468
107 487
107 509
108 8
108 10
108 76
108 77
108 78
108 80
108 112
108 170
108 196
108 232
108 238
108 355
108 401
108 415
108 418
108 430
108 432
108 438
108 447
108 455
108 494
108 510
109 46
109 66
109 79
109 82
109 91
109 135
109 150
109 166
109 178
109 288
109 402
109 416
109 463
109 479
109 493
109 498
109 500
109 501
110 5
110 9
110 32
110 41
110 58
110 69
110 75
110 361
110 370
110 383
110 447
110 456
110 464
110 470
110 473
110 508
111 4
111 10
111 82
111 111
111 112
111 116
111 125
111 149
111 164
111 168
111 203
111 244
111 268
111 346
111 358
111 391
111 400
111 418
111 477
111 478
111 494
112 1
112 6
112 19
112 43
112 55
112 121
112 138
112 158
112 168
112 182
112 287
112 376
112 399
112 430
112 436
112 442
112 447
112 452
112 483
112 486
112 496
112 499
113 6
113 8
113 15
113 36
113 60
113 61
113 128
113 178
113 352
113 367
113 371
113 412
113 418
113 421
113 424
113 436
113 454
113 462
113 466
113 478
113 481
113 490
113 492
114 0
114 1
114 2
114 4
114 26
114 27
114 53
114 78
114 95
114 137
114 139
114 146
114 159
114 217
114 219
114 221
114 328
114 344
114 364
114 414
114 451
114 464
114 469
114 502
115 3
115 30
115 70
115 71
115 79
115 102
115 173
115 188
115 195
115 267
115 334
115 351
115 415
115 424
115 433
115 444
115 445
115 464
115 465
115 473
115 498
115 501
116 3
116 5
116 15
116 31
116 49
116 50
116 54
116 82
116 115
116 120
116 130
116 153
116 183
116 241
116 282
116 322
116 339
116 366
116 369
116 382
116 405
116 406
116 413
116 425
116 439
116 465
116 475
116 479
116 500
116 510
117 18
117 27
117 29
117 44
117 78
117 80
117 83
117 91
117 96
117 99
117 102
117 137
117 149
117 183
117 218
117 269
117 271
117 285
117 346
117 355
117 379
117 410
117 423
117 427
117 431
117 451
117 462
117 468
117 473
117 475
117 476
117 477
117 483
117 507
118 22
118 40
118 56
118 67
118 78
118 94
118 324
118 365
118 379
118 417
118 420
118 422
118 448
118 457
118 461
118 494
118 495
118 502
119 14
119 16
119 17
119 22
119 41
119 75
119 102
119 105
119 142
119 144
119 172
119 184
119 315
119 332
119 350
119 376
119 398
119 439
119 452
119 465
119 468
119 475
119 482
120 57
120 78
120 86
120 124
120 138
120 144
120 161
120 178
120 194
120 227
120 304
120 377
120 386
120 388
120 402
120 437
120 445
120 470
120 477
120 494
120 495
120 509
121 51
121 161
121 174
121 178
121 194
121 221
121 340
121 389
121 398
121 457
121 500
122 33
122 40
122 58
122 64
122 94
122 99
122 107
122 135
122 205
122 300
122 367
122 414
122 431
122 452
122 487
122 507
123 4
123 5
123 35
123 44
123 132
123 158
123 368
123 393
123 461
123 465
123 479
123 489
123 507
124 34
124 37
124 44
124 52
124 72
124 82
124 85
124 86
124 145
124 224
124 354
124 425
124 446
124 448
124 459
124 490
125 3
125 6
125 8
125 29
125 68
125 90
125 156
125 163
125 236
125 338
125 363
125 406
125 408
125 447
125 461
125 477
125 478
125 502
125 507
125 511
126 0
126 1
126 3
126 18
126 33
126 67
126 71
126 81
126 82
126 119
126 120
126 230
126 236
126 434
126 457
126 460
126 496
126 500
127 18
127 32
127 51
127 57
127 84
127 92
127 179
127 353
127 369
127 440
127 462
127 475
127 495
127 498
128 25
128 45
128 52
128 67
128 88
128 89
128 115
128 122
128 127
128 200
128 229
128 275
128 332
128 395
128 422
128 425
128 429
128 434
128 437
128 440
128 469
129 13
129 15
129 16
129 61
129 99
129 110
129 126
129 136
129 159
129 371
129 390
129 403
129 405
129 439
129 471
129 474
129 492
130 9
130 17
130 26
130 73
130 89
130 133
130 168
130 449
130 451
130 488
130 509
131 2
131 10
131 22
131 50
131 72
131 74
131 190
131 348
131 381
131 386
131 405
131 408
131 412
131 447
131 468
131 498
132 0
132 23
132 26
132 32
132 34
132 37
132 84
132 89
132 91
132 100
132 103
132 133
132 177
132 178
132 187
132 291
132 323
132 333
132 349
132 376
132 395
132 411
132 434
132 459
132 461
132 501
132 504
133 43
133 49
133 55
133 75
133 82
133 85
133 192
133 200
133 317
133 382
133 401
133 414
133 418
133 429
133 435
133 449
133 460
133 473
133 497
133 498
134 2
134 39
134 48
134 51
134 57
134 59
134 98
134 103
134 125
134 141
134 346
134 413
134 417
134 431
134 435
134 438
134 441
134 473
134 497
134 507
135 6
135 7
135 9
135 41
135 47
135 75
135 77
135 87
135 89
135 92
135 100
135 147
135 318
135 324
135 365
135 394
135 399
135 418
135 455
135 456
135 467
135 470
135 494
136 16
136 21
136 27
136 68
136 353
136 373
136 390
136 400
136 451
136 459
136 476
136 499
137 16
137 24
137 64
137 65
137 72
137 87
137 126
137 152
137 177
137 202
137 314
137 326
137 351
137 369
137 375
137 477
137 479
138 37
138 41
138 43
138 68
138 94
138 106
138 197
138 226
138 290
138 341
138 348
138 359
138 392
138 395
138 407
138 443
138 453
138 459
138 467
139 1
139 8
139 22
139 64
139 82
139 96
139 154
139 155
139 226
139 230
139 369
139 418
139 449
139 479
139 481
139 485
139 486
139 489
139 511
140 2
140 16
140 39
140 62
140 107
140 153
140 223
140 328
140 339
140 363
140 399
140 413
140 429
140 436
140 487
141 41
141 43
141 50
141 229
141 300
141 339
141 364
141 365
141 379
141 404
141 501
142 3
142 36
142 82
142 85
142 125
142 131
142 346
142 401
142 442
142 450
142 470
142 482
142 498
142 505
142 510
143 30
143 42
143 71
143 91
143 100
143 111
143 151
143 169
143 287
143 321
143 326
143 340
143 357
143 411
143 443
143 457
143 465
143 489
143 491
144 18
144 119
144 145
144 160
144 162
144 191
144 323
144 382
144 387
144 438
144 443
144 493
144 494
144 497
144 502
145 23
145 32
145 101
145 112
145 121
145 168
145 293
145 305
145 320
145 349
145 401
145 434
145 450
145 454
145 456
145 493
145 494
145 501
145 506
146 8
146 16
146 51
146 93
146 105
146 126
146 127
146 129
146 149
146 227
146 312
146 399
146 420
146 433
146 451
146 459
146 502
147 3
147 16
147 27
147 39
147 91
147 94
147 97
147 120
147 164
147 217
147 395
147 447
147 485
147 503
147 508
148 20
148 27
148 56
148 130
148 131
148 146
148 222
148 226
148 395
148 496
148 505
149 2
149 5
149 20
149 36
149 83
149 163
149 406
149 411
149 447
149 449
149 459
150 15
150 34
150 40
150 66
150 85
150 98
150 103
150 111
150 164
150 190
150 204
150 206
150 331
150 360
150 373
150 425
150 429
150 461
150 482
150 504
151 1
151 8
151 17
151 20
151 24
151 32
151 146
151 153
151 338
151 378
151 446
151 460
151 475
151 501
151 502
152 18
152 32
152 50
152 105
152 108
152 123
152 124
152 138
152 147
152 153
152 346
152 358
152 469
152 481
153 28
153 43
153 51
153 67
153 111
153 112
153 128
153 149
153 326
153 396
153 433
153 439
153 458
153 469
153 474
153 493
153 496
154 20
154 41
154 56
154 97
154 142
154 159
154 194
154 314
154 328
154 377
154 432
154 452
154 483
155 14
155 39
155 109
155 111
155 116
155 123
155 128
155 394
155 454
155 482
155 489
155 503
155 507
155 510
156 105
156 120
156 198
156 348
156 419
156 447
156 470
156 487
156 497
156 501
157 2
157 3
157 32
157 46
157 52
157 68
157 82
157 107
157 121
157 142
157 215
157 419
157 437
157 444
157 483
157 493
157 504
157 509
158 22
158 25
158 58
158 61
158 100
158 174
158 317
158 367
158 385
158 434
158 437
158 447
158 455
158 472
158 499
158 511
159 19
159 47
159 64
159 115
159 150
159 177
159 294
159 355
159 380
159 397
159 429
159 460
159 483
159 507
160 5
160 10
160 25
160 63
160 88
160 164
160 181
160 207
160 309
160 397
160 451
160 455
160 467
160 473
160 479
160 497
161 0
161 34
161 76
161 130
161 138
161 187
161 300
161 313
161 395
161 471
161 479
161 480
161 485
161 491
162 7
162 46
162 100
162 110
162 138
162 163
162 175
162 307
162 324
162 360
162 364
162 378
162 489
162 503
162 508
163 57
163 133
163 183
163 324
163 371
163 396
163 420
163 470
163 482
164 25
164 34
164 63
164 77
164 350
164 367
164 374
164 391
164 442
164 481
164 498
165 31
165 61
165 125
165 338
165 389
165 392
165 411
165 432
165 447
165 459
165 472
165 477
165 496
165 501
166 2
166 35
166 57
166 67
166 69
166 90
166 114
166 160
166 180
166 301
166 356
166 380
166 468
167 7
167 13
167 25
167 43
167 47
167 71
167 93
167 125
167 353
167 369
167 451
167 501
168 12
168 17
168 53
168 175
168 181
168 203
168 392
168 406
168 444
168 487
168 505
169 1
169 2
169 7
169 35
169 46
169 76
169 105
169 449
169 457
169 507
170 1
170 2
170 4
170 13
170 18
170 28
170 58
170 65
170 84
170 110
170 183
170 448
170 463
170 465
171 98
171 180
171 196
171 310
171 420
171 501
172 33
172 36
172 48
172 64
172 67
172 145
172 177
172 185
172 399
172 440
172 472
172 494
173 40
173 45
173 62
173 75
173 92
173 112
173 114
173 135
173 136
173 193
173 453
173 483
174 45
174 50
174 60
174 84
174 141
174 196
174 348
174 429
174 476
174 496
175 10
175 60
175 72
175 147
175 325
175 342
175 377
175 397
175 436
176 24
176 62
176 63
176 90
176 128
176 360
176 389
176 411
176 448
176 460
176 468
176 483
176 504
177 44
177 47
177 107
177 356
177 440
177 449
177 487
177 490
177 507
178 14
178 18
178 46
178 407
178 450
178 489
179 4
179 91
179 338
179 342
179 350
179 376
179 468
179 485
180 39
180 50
180 112
180 149
180 165
180 179
180 181
180 375
181 0
181 12
181 147
181 197
181 383
181 435
181 475
182 23
182 43
182 50
182 58
182 65
182 93
182 97
182 116
182 368
182 415
182 426
182 427
183 9
183 93
183 143
183 165
183 187
183 329
183 367
183 460
183 489
183 490
183 509
184 13
184 67
184 69
184 87
184 134
184 142
184 151
184 187
184 431
184 452
184 489
185 77
185 91
185 152
185 323
185 395
185 433
185 437
185 441
185 443
185 467
185 496
185 505
186 7
186 37
186 71
186 73
186 74
186 135
186 142
186 397
186 417
186 431
186 475
187 125
187 138
187 144
187 340
188 37
188 61
188 452
189 31
189 75
189 106
189 350
189 356
189 371
189 373
189 420
189 489
190 3
190 8
190 18
190 33
190 124
190 178
190 384
190 385
190 443
190 464
190 470
190 488
191 81
191 129
191 328
191 355
191 384
191 476
191 494
191 505
192 9
192 12
192 49
192 67
192 142
192 158
192 188
192 392
193 2
193 16
193 84
193 87
193 447
193 487
194 62
194 100
194 324
194 374
194 427
194 500
195 18
195 35
195 85
195 153
195 360
195 392
195 424
196 52
196 69
196 172
196 400
196 437
196 447
196 493
196 503
197 5
197 24
197 45
197 94
197 119
197 162
197 359
197 381
197 384
198 80
198 95
198 357
198 425
198 450
198 474
198 503
198 509
199 4
199 26
199 31
199 122
199 132
199 181
199 398
199 456
199 488
199 489
199 504
200 35
200 127
200 133
200 342
201 17
201 28
201 44
201 93
201 94
201 356
201 413
201 425
201 429
201 482
201 488
202 53
202 69
202 102
202 123
202 162
202 477
202 496
203 67
203 68
203 363
203 385
203 399
203 409
204 73
204 86
204 123
204 466
204 478
204 480
205 13
205 80
205 124
205 164
205 175
205 494
205 502
206 75
206 371
206 382
206 383
207 58
207 70
207 126
207 163
207 417
207 442
207 485
207 494
208 34
208 45
208 46
208 52
208 54
208 61
208 63
208 84
208 396
208 459
208 498
208 500
209 12
209 28
209 107
209 150
209 165
209 471
209 474
209 502
210 1
210 167
210 170
210 401
210 486
211 6
211 72
211 79
211 363
211 391
212 3
212 6
212 40
212 64
212 352
212 357
212 392
212 413
212 490
213 10
213 67
213 103
213 396
213 409
213 422
213 428
213 480
214 75
214 151
214 355
215 74
215 98
215 134
215 153
215 160
215 356
215 404
215 467
216 0
216 23
216 57
216 59
216 65
216 73
216 122
216 135
216 144
216 413
216 426
216 452
216 456
216 493
217 54
217 102
217 404
217 502
217 509
218 10
218 19
218 44
218 88
218 149
218 469
219 1
219 371
219 452
219 453
219 495
220 63
220 82
220 83
220 131
220 152
221 27
221 56
221 469
221 473
221 493
222 152
222 387
222 417
222 448
223 24
223 26
223 36
223 70
223 449
224 18
224 41
224 444
224 446
224 506
225 43
225 103
225 481
225 504
225 511
226 49
226 52
226 78
226 148
227 70
227 143
228 25
228 32
228 125
228 135
228 374
228 389
228 435
228 437
228 485
229 44
229 139
229 445
229 510
230 32
230 33
230 49
230 51
230 76
230 442
231 371
231 372
232 12
232 106
232 110
232 126
233 67
233 135
233 424
233 425
234 2
234 70
234 101
235 33
235 91
235 379
235 444
236 37
238 55
238 58
238 105
238 392
238 425
238 433
239 15
239 53
239 61
239 79
239 82
239 104
239 467
240 25
240 49
240 63
240 72
240 107
240 395
240 397
240 398
241 28
241 66
241 448
242 41
242 57
242 397
242 407
242 447
242 471
242 509
243 62
243 409
243 498
244 66
244 438
244 495
245 54
245 81
245 420
245 477
245 478
247 0
247 92
247 431
249 35
249 510
250 71
250 466
251 27
251 474
252 3
252 7
252 25
252 27
252 44
252 430
253 42
253 74
253 462
253 488
254 50
254 93
254 507
255 6
255 11
256 71
256 498
